Allele_count Bstat Neanderthal non-Neanderthal
1 0 1 5848
1 50 6 3715
1 100 2 6260
1 150 4 6877
1 200 12 8528
1 250 27 10305
1 300 65 11817
1 350 81 15414
1 400 55 19497
1 450 52 23129
1 500 197 26649
1 550 212 32544
1 600 188 40617
1 650 220 49256
1 700 420 60922
1 750 529 79532
1 800 901 107715
1 850 1286 162229
1 900 1812 241124
1 950 2621 245036
2 100 1 1431
2 250 1 2645
2 300 3 2951
2 350 8 4093
2 400 6 5157
2 450 22 5726
2 500 14 6757
2 550 36 8322
2 600 65 9713
2 650 80 13240
2 700 99 15695
2 750 113 21319
2 800 229 28507
2 850 298 44286
2 900 453 64797
2 950 647 65584
3 250 2 1451
3 300 2 1911
3 350 5 2510
3 400 10 3007
3 450 39 3224
3 500 52 3991
3 550 44 4827
3 600 44 6572
3 650 46 8054
3 700 49 9469
3 750 61 13847
3 800 119 18998
3 850 175 28065
3 900 272 42569
3 950 294 42108
4 250 9 1259
4 300 12 1541
4 350 5 1922
4 400 8 2809
4 450 4 2939
4 500 17 3424
4 550 33 4586
4 600 15 5261
4 650 32 6960
4 700 134 8227
4 750 106 10121
4 800 118 14756
4 850 181 23904
4 900 233 35137
4 950 335 36834
5 350 10 1861
5 400 20 2227
5 450 29 2477
5 500 16 2947
5 550 7 3815
5 600 40 4445
5 650 16 5350
5 700 24 6914
5 750 45 9848
5 800 61 13345
5 850 156 20230
5 900 226 29824
5 950 426 32362
6 350 1 1408
6 400 1 2151
6 450 18 2528
6 500 37 2834
6 550 18 3235
6 600 18 4079
6 650 25 5243
6 700 13 6897
6 750 52 9293
6 800 79 12511
6 850 128 18872
6 900 172 29514
6 950 191 30488
7 150 1 408
7 200 1 766
7 250 1 755
7 400 18 1991
7 450 31 2153
7 500 35 2573
7 550 9 2931
7 600 24 3675
7 650 45 4921
7 700 44 6414
7 750 48 8312
7 800 68 11851
7 850 66 17891
7 900 78 26992
7 950 136 28927
8 350 3 1220
8 400 1 2081
8 450 2 1997
8 500 1 2716
8 550 22 2926
8 600 20 3715
8 650 62 5038
8 700 12 5930
8 750 15 7428
8 800 55 10814
8 850 99 15892
8 900 219 25669
8 950 147 26264
9 200 1 546
9 350 1 1275
9 400 9 1660
9 450 11 1723
9 500 4 2238
9 550 8 2815
9 600 3 3540
9 650 7 4145
9 700 38 5556
9 750 38 6733
9 800 35 10470
9 850 134 15536
9 900 140 24297
9 950 103 25021
10 150 15 582
10 200 4 508
10 250 2 750
10 350 5 1235
10 400 9 1435
10 450 5 1645
10 500 10 2190
10 550 4 2406
10 600 11 3213
10 650 14 3273
10 700 33 5012
10 750 65 6665
10 800 27 9526
10 850 45 15273
10 900 84 23476
10 950 107 22762
11 300 5 949
11 350 5 1015
11 400 1 1400
11 450 17 1621
11 500 11 1876
11 550 11 2553
11 600 5 3093
11 650 21 4124
11 700 15 5158
11 750 40 7290
11 800 25 9275
11 850 43 14468
11 900 135 21666
11 950 82 22624
12 0 2 314
12 400 1 1299
12 500 19 1732
12 550 7 2520
12 600 24 2841
12 650 11 3513
12 700 22 4600
12 750 42 6570
12 800 26 8972
12 850 72 13394
12 900 47 21063
12 950 63 21624
13 500 1 1948
13 550 1 2143
13 600 4 2658
13 700 16 4245
13 750 19 5871
13 800 23 8473
13 850 61 13101
13 900 93 19912
13 950 57 19378
14 400 1 1280
14 450 5 1286
14 500 8 1748
14 550 6 2218
14 600 1 2712
14 650 9 3411
14 750 13 5762
14 800 1 7705
14 850 12 12948
14 900 46 19949
14 950 113 19645
15 350 2 851
15 400 4 1061
15 450 1 1362
15 500 15 1757
15 550 27 2123
15 600 14 2800
15 650 4 3181
15 700 38 3883
15 750 9 5415
15 800 2 7959
15 850 11 12391
15 900 64 18994
15 950 129 18761
16 450 7 1029
16 500 9 1554
16 550 13 1990
16 600 2 2239
16 650 3 2940
16 700 14 3842
16 750 3 5349
16 800 13 7903
16 850 16 11467
16 900 78 18177
16 950 50 19930
17 550 15 1950
17 600 5 2493
17 650 8 3043
17 700 5 3675
17 750 6 5048
17 800 9 7455
17 850 27 11340
17 900 31 17776
17 950 31 18614
18 0 1 237
18 500 8 1228
18 550 9 1903
18 600 8 2524
18 800 11 7373
18 850 24 10215
18 900 53 17591
18 950 47 17823
19 500 2 1333
19 550 12 1977
19 600 3 2144
19 650 2 3008
19 750 15 5165
19 800 5 7350
19 850 48 10725
19 900 38 16989
19 950 53 17251
20 0 1 74
20 100 4 300
20 350 1 709
20 550 4 1689
20 600 2 2087
20 650 1 2689
20 700 7 3656
20 750 5 5044
20 850 12 10511
20 900 19 16914
20 950 53 16429
21 650 2 2596
21 750 6 4670
21 800 2 6222
21 850 14 9687
21 900 28 15135
21 950 33 15842
22 350 1 635
22 400 1 760
22 450 2 1189
22 500 3 1421
22 550 5 1746
22 600 1 2190
22 700 1 3443
22 750 1 4696
22 800 3 6515
22 850 10 9335
22 900 6 14972
22 950 21 15519
23 550 1 1954
23 600 1 2164
23 650 15 2619
23 800 8 6546
23 850 2 10014
23 900 18 14731
23 950 22 15258
24 250 6 442
24 300 6 374
24 400 1 933
24 750 1 4522
24 800 2 6124
24 850 3 8633
24 900 24 13893
24 950 27 15393
25 600 3 2021
25 750 5 3988
25 800 6 5983
25 900 2 13573
25 950 3 14385
26 750 3 4253
26 800 1 5577
26 850 3 8389
26 900 22 13403
26 950 3 14103
27 350 1 405
27 550 14 1368
27 600 4 1734
27 650 2 2354
27 750 1 3805
27 800 2 5389
27 900 4 13582
27 950 8 13675
28 350 3 331
28 450 5 827
28 500 4 1096
28 550 3 1516
28 600 1 1759
28 700 1 2863
28 750 2 4144
28 800 2 5751
28 900 39 12748
28 950 5 13098
29 850 1 8073
29 900 1 12680
29 950 7 13933
30 550 1 1241
30 850 3 8317
30 900 1 12793
30 950 1 12614
31 350 4 498
31 400 1 657
31 450 4 961
31 550 1 1343
31 600 8 1720
31 700 1 2630
31 850 16 8071
31 900 11 12479
31 950 3 12782
32 600 1 1863
32 650 1 2231
32 700 1 2912
32 850 8 7781
32 900 13 11313
33 100 3 124
33 150 1 239
33 750 2 3407
33 900 1 11461
34 700 4 2515
34 750 11 3482
34 800 5 4717
34 900 4 10928
34 950 8 12566
35 550 2 1437
35 850 15 7332
36 250 9 298
36 300 7 396
36 350 1 532
36 400 1 623
36 550 1 1126
36 600 1 1247
36 650 2 1872
36 700 3 2373
36 900 4 10842
37 0 22 77
37 250 1 311
37 450 1 919
38 550 1 1008
38 600 3 1270
38 800 1 4490
38 900 2 10511
39 450 7 475
39 750 1 2969
40 700 6 2194
40 950 1 10270
41 950 6 11044
42 700 2 2079
42 950 3 9712
