Allele_count Bstat Neanderthal non-Neanderthal
1 0 61 5849
1 50 2 3723
1 100 44 6263
1 150 78 6882
1 200 53 8569
1 250 127 10367
1 300 128 11923
1 350 215 15584
1 400 344 19616
1 450 311 23283
1 500 419 26989
1 550 461 32984
1 600 652 40995
1 650 711 49947
1 700 1042 61799
1 750 1052 80592
1 800 1371 109528
1 850 1799 164681
1 900 3163 244731
1 950 3426 249825
2 0 10 1391
2 100 38 1432
2 150 34 1745
2 200 33 2064
2 250 27 2647
2 300 38 2961
2 350 57 4140
2 400 24 5191
2 450 74 5776
2 500 62 6820
2 550 95 8439
2 600 118 9927
2 650 178 13452
2 700 221 15904
2 750 332 21592
2 800 391 29236
2 850 588 45232
2 900 622 66305
2 950 689 67563
3 0 1 512
3 100 1 740
3 150 7 913
3 200 9 1040
3 250 15 1456
3 300 12 1925
3 350 9 2539
3 400 23 3010
3 450 79 3267
3 500 44 4142
3 550 52 4917
3 600 38 6703
3 650 46 8158
3 700 91 9622
3 750 152 14166
3 800 231 19360
3 850 235 28782
3 900 555 43413
3 950 442 43265
4 150 2 764
4 250 6 1279
4 300 1 1569
4 350 5 1933
4 400 12 2828
4 450 27 2976
4 500 36 3449
4 550 21 4681
4 600 42 5319
4 650 57 7090
4 700 42 8399
4 750 99 10322
4 800 112 15121
4 850 158 24454
4 900 350 35971
4 950 522 37839
5 0 1 357
5 150 3 476
5 200 1 793
5 250 1 1136
5 300 2 1327
5 350 71 1869
5 400 1 2233
5 450 39 2479
5 500 31 2967
5 550 29 3834
5 600 26 4521
5 650 21 5411
5 700 23 6998
5 750 27 10036
5 800 97 13614
5 850 123 20658
5 900 200 30779
5 950 271 33505
6 200 3 607
6 350 7 1421
6 400 10 2164
6 450 16 2573
6 500 2 2968
6 550 22 3263
6 600 39 4124
6 650 48 5322
6 700 21 6983
6 750 38 9411
6 800 53 12802
6 850 60 19213
6 900 103 30114
6 950 166 31363
7 200 2 794
7 250 3 759
7 300 2 888
7 350 5 1150
7 400 7 2005
7 450 16 2183
7 500 31 2650
7 550 7 2988
7 600 19 3725
7 650 20 5015
7 700 18 6522
7 750 73 8458
7 800 82 12145
7 850 123 18311
7 900 137 27606
7 950 103 29817
8 200 4 719
8 300 2 1098
8 350 1 1221
8 400 1 2091
8 450 1 2006
8 500 1 2723
8 550 7 3004
8 600 17 3828
8 650 24 5132
8 700 7 5961
8 750 55 7515
8 800 163 11087
8 850 73 16387
8 900 116 26351
8 950 99 26943
9 200 24 549
9 250 4 619
9 300 2 963
9 350 24 1276
9 400 17 1665
9 450 1 1735
9 500 12 2240
9 550 23 2862
9 600 20 3614
9 650 27 4185
9 700 8 5646
9 750 28 6832
9 800 13 10708
9 850 60 15930
9 900 102 24766
9 950 179 25655
10 350 4 1255
10 400 6 1469
10 450 11 1653
10 550 7 2448
10 600 36 3259
10 650 35 3317
10 700 3 5084
10 750 13 6727
10 800 38 9792
10 850 17 15573
10 900 33 24012
10 950 90 23541
11 250 1 562
11 350 1 1021
11 400 1 1402
11 450 7 1622
11 500 2 1903
11 550 3 2578
11 600 8 3127
11 650 6 4168
11 700 34 5235
11 750 6 7387
11 800 13 9461
11 850 36 14750
11 900 39 22210
11 950 52 23227
12 0 2 314
12 300 2 581
12 450 20 1577
12 500 12 1746
12 550 1 2547
12 600 16 2869
12 650 9 3524
12 700 9 4679
12 750 12 6690
12 800 34 9195
12 850 23 13675
12 900 78 21456
12 950 55 22097
13 400 1 1381
13 500 21 1959
13 550 4 2210
13 600 5 2684
13 650 1 3347
13 700 3 4286
13 750 5 5960
13 800 15 8617
13 850 17 13303
13 900 14 20274
13 950 62 19895
14 300 2 829
14 450 7 1294
14 500 4 1749
14 550 1 2242
14 600 1 2726
14 650 1 3448
14 700 1 3938
14 750 2 5833
14 800 1 7833
14 850 6 13125
14 900 42 20356
14 950 31 20200
15 550 2 2139
15 600 1 2821
15 650 5 3198
15 700 2 3950
15 750 1 5485
15 800 1 8081
15 850 8 12571
15 900 13 19340
15 950 10 19248
16 550 13 2003
16 600 19 2244
16 650 13 2997
16 700 1 3918
16 750 3 5387
16 800 7 8007
16 850 7 11655
16 900 23 18525
16 950 26 20344
17 400 1 980
17 550 3 1958
17 600 13 2530
17 650 2 3057
17 700 14 3741
17 750 4 5108
17 800 6 7595
17 950 13 19000
18 0 1 237
18 250 2 521
18 350 2 743
18 600 2 2557
18 650 2 2846
18 800 5 7455
18 850 15 10419
18 900 4 17877
18 950 6 18280
19 400 1 940
19 450 21 855
19 500 20 1343
19 550 2 1987
19 600 7 2160
19 650 6 3044
19 750 3 5218
19 800 2 7406
19 850 5 10886
19 900 11 17318
19 950 23 17709
20 0 4 74
20 300 1 469
20 500 7 1215
20 550 7 1733
20 600 1 2111
20 650 1 2775
20 700 3 3699
20 750 12 5097
20 800 1 6952
20 850 27 10652
20 900 3 17246
20 950 11 16757
21 750 11 4718
21 800 5 6276
21 850 7 9826
21 900 30 15504
21 950 11 16198
22 500 2 1431
22 600 6 2219
22 650 31 3030
22 700 4 3493
22 750 7 4774
22 800 1 6596
22 850 8 9498
22 900 9 15311
22 950 8 15943
23 500 10 1417
23 550 7 1966
23 650 15 2634
23 750 4 4157
23 800 9 6626
23 850 2 10225
23 900 7 15075
23 950 3 15642
24 600 2 1996
24 650 4 2720
24 700 1 3509
24 800 2 6199
24 950 9 15862
25 550 1 1644
25 600 6 2032
25 700 1 3482
25 750 3 4040
25 800 8 6059
25 850 3 8430
25 900 3 13797
26 450 1 1104
26 500 5 1235
26 550 2 1640
26 600 1 1906
26 650 1 2365
26 700 1 2944
26 750 28 4302
26 800 23 5700
26 950 2 14430
27 400 9 690
27 600 2 1766
27 650 8 2365
27 700 2 2692
27 750 4 3893
27 850 2 8707
27 900 1 13948
27 950 3 14086
28 650 3 2141
28 950 1 13448
29 150 2 319
29 900 12 12912
29 950 3 14277
31 750 2 3691
31 800 1 5167
32 700 6 2950
32 750 1 3738
33 200 1 138
33 750 2 3470
33 800 1 4681
34 500 6 1094
34 550 6 1341
35 650 1 1906
35 850 1 7487
36 0 1 128
36 650 4 1905
36 700 1 2426
36 850 1 6863
37 900 1 10838
37 950 20 11169
38 250 1 195
38 300 1 296
38 350 2 462
38 400 1 458
38 450 1 577
38 950 1 11141
44 950 3 9579
