Allele_count Bstat Neanderthal non-Neanderthal
1 0 345 17601
1 50 170 10315
1 100 299 17758
1 150 464 20885
1 200 372 24312
1 250 645 30227
1 300 958 34459
1 350 1003 44714
1 400 1544 55551
1 450 1653 64515
1 500 1773 74957
1 550 2088 92403
1 600 2306 112536
1 650 3006 136170
1 700 4130 166073
1 750 4879 216824
1 800 6115 294687
1 850 8861 441154
1 900 13280 641029
1 950 13727 636903
2 0 118 3268
2 50 20 2350
2 100 212 4263
2 150 248 4490
2 200 265 5044
2 250 237 6447
2 300 325 7945
2 350 435 10100
2 400 699 12035
2 450 633 14261
2 500 790 17229
2 550 995 20926
2 600 1491 25546
2 650 1682 31024
2 700 1949 38313
2 750 2264 50294
2 800 2668 67388
2 850 3781 100610
2 900 5924 150955
2 950 5766 150268
3 50 86 1110
3 100 160 1992
3 150 172 2284
3 200 257 2588
3 250 206 3345
3 300 230 4087
3 350 299 5288
3 400 382 6513
3 450 471 7572
3 500 541 9255
3 550 858 11182
3 600 737 13480
3 650 1030 16101
3 700 839 19550
3 750 1310 25103
3 800 2534 35090
3 850 2944 52612
3 900 3343 78267
3 950 3809 80749
4 0 27 939
4 50 83 677
4 100 43 973
4 150 67 1368
4 200 105 1615
4 250 141 2347
4 300 237 2706
4 350 290 3604
4 400 256 4241
4 450 190 4841
4 500 194 6126
4 550 328 7612
4 600 451 9334
4 650 677 11111
4 700 637 13410
4 750 1081 18036
4 800 1333 24835
4 850 1940 36575
4 900 2862 54876
4 950 2763 56016
5 50 1 501
5 100 48 900
5 150 203 1226
5 200 139 1423
5 250 185 1811
5 300 212 1889
5 350 286 2739
5 400 179 3187
5 450 426 3580
5 500 260 4022
5 550 204 5521
5 600 316 7281
5 650 227 8552
5 700 526 10484
5 750 754 13671
5 800 674 18322
5 850 1428 28750
5 900 1862 43732
5 950 2258 43609
6 100 2 674
6 150 58 918
6 200 68 1122
6 250 103 1345
6 300 117 1616
6 350 53 2112
6 400 83 2424
6 450 185 3104
6 500 333 3303
6 550 334 4350
6 600 333 6000
6 650 358 7061
6 700 453 8434
6 750 585 11137
6 800 727 15724
6 850 1497 23710
6 900 1396 36200
6 950 1626 36401
7 50 1 268
7 100 4 496
7 150 11 551
7 200 7 935
7 250 22 1125
7 300 25 1136
7 350 186 1642
7 400 191 2084
7 450 173 2530
7 500 202 3001
7 550 325 3768
7 600 320 4685
7 650 247 5723
7 700 372 7250
7 750 364 9258
7 800 476 13102
7 850 785 20393
7 900 1235 31020
7 950 1364 32121
8 100 24 346
8 150 70 451
8 200 57 660
8 250 35 918
8 300 45 1070
8 350 62 1476
8 400 116 1777
8 450 224 2231
8 500 253 2779
8 550 367 3577
8 600 314 4454
8 650 353 5122
8 700 244 6192
8 750 316 8921
8 800 611 11875
8 850 588 17761
8 900 925 27654
8 950 1017 27901
9 0 23 496
9 50 21 258
9 150 13 626
9 200 21 734
9 250 64 943
9 300 88 1208
9 350 99 1471
9 400 62 1583
9 450 100 2079
9 500 123 2384
9 550 260 3004
9 600 207 3963
9 650 319 4868
9 700 252 6021
9 750 197 7734
9 800 343 10906
9 850 485 16335
9 900 877 25167
9 950 745 25624
10 50 1 236
10 100 49 270
10 150 6 390
10 200 60 587
10 250 30 711
10 300 29 855
10 350 98 1368
10 400 40 1603
10 450 94 1636
10 500 204 2090
10 550 154 2939
10 600 199 3840
10 650 224 3807
10 700 122 4932
10 750 268 7191
10 800 232 10081
10 850 325 14315
10 900 525 22600
10 950 487 22655
11 100 147 354
11 150 49 506
11 200 7 629
11 250 14 720
11 300 52 862
11 350 77 1080
11 400 40 1483
11 450 135 1740
11 500 114 2074
11 550 125 2481
11 600 213 3106
11 650 393 3633
11 700 159 5105
11 750 177 6683
11 800 265 8934
11 850 260 13900
11 900 470 21745
11 950 791 21269
12 100 1 208
12 150 54 293
12 200 1 408
12 300 41 761
12 350 26 1096
12 400 54 1315
12 450 38 1500
12 500 134 1611
12 550 82 2292
12 600 86 2836
12 650 161 3189
12 700 117 4816
12 750 131 6277
12 800 208 8402
12 850 217 12432
12 900 308 20467
12 950 426 20960
13 150 40 511
13 200 1 457
13 250 13 833
13 300 3 794
13 350 26 1226
13 400 26 1289
13 450 33 1557
13 500 115 1999
13 550 72 2468
13 600 99 2853
13 650 64 3639
13 700 149 4652
13 750 293 6021
13 800 240 7884
13 850 210 11968
13 900 350 18857
13 950 290 19014
14 100 6 132
14 150 12 329
14 200 56 449
14 250 18 569
14 300 78 614
14 350 109 776
14 400 54 924
14 450 19 1317
14 500 8 1697
14 550 23 2184
14 600 84 2550
14 650 41 3438
14 700 64 4250
14 750 209 5129
14 800 151 7553
14 850 287 11662
14 900 417 17610
14 950 420 17964
15 150 4 812
15 200 4 360
15 250 9 587
15 300 6 596
15 350 16 795
15 400 93 1022
15 450 69 1298
15 500 56 1750
15 550 76 1972
15 600 86 2093
15 650 77 2798
15 700 145 3731
15 750 126 5269
15 800 231 7588
15 850 108 10819
15 900 243 16426
15 950 271 16698
16 150 27 468
16 200 17 393
16 250 4 514
16 300 101 601
16 350 21 807
16 400 17 1285
16 450 6 1323
16 500 10 1457
16 550 49 1706
16 600 80 2123
16 650 65 2884
16 700 101 4013
16 750 104 5032
16 800 186 6733
16 850 134 10404
16 900 197 16160
16 950 298 16269
17 150 5 315
17 200 54 295
17 250 11 572
17 300 7 693
17 350 16 917
17 400 16 1220
17 450 91 1188
17 500 57 1327
17 550 67 1570
17 600 16 2202
17 650 61 2808
17 700 94 3395
17 750 137 4541
17 800 160 6810
17 850 178 10102
17 900 250 15283
17 950 289 15363
18 200 30 323
18 250 81 355
18 300 7 490
18 350 11 850
18 400 53 905
18 450 1 1143
18 500 15 1479
18 550 55 1701
18 600 63 2150
18 650 74 2491
18 700 91 3325
18 750 73 4279
18 800 55 6438
18 850 57 9910
18 900 155 14906
18 950 288 14980
19 350 9 776
19 400 24 918
19 450 2 1181
19 500 19 1336
19 550 130 1709
19 600 54 1759
19 650 26 2384
19 700 56 2930
19 750 47 4176
19 800 94 6070
19 850 104 9766
19 900 124 14249
19 950 255 14918
20 150 1 358
20 200 34 288
20 250 19 325
20 300 10 436
20 350 3 606
20 400 5 821
20 450 4 940
20 500 8 1086
20 550 5 1607
20 600 2 1907
20 650 17 2211
20 700 80 2758
20 750 98 4186
20 800 95 5878
20 850 64 9581
20 900 128 13310
20 950 135 13882
21 50 48 79
21 100 16 129
21 150 10 184
21 350 1 772
21 400 11 853
21 450 15 1020
21 500 29 1188
21 550 11 1603
21 600 53 2023
21 650 26 2319
21 700 15 2851
21 750 43 3772
21 800 29 5689
21 850 116 8794
21 900 227 13460
21 950 232 13822
22 250 26 473
22 300 14 507
22 350 2 639
22 400 8 977
22 450 47 1025
22 500 77 1183
22 550 13 1486
22 600 27 1738
22 650 23 2084
22 700 91 2867
22 750 43 3915
22 800 92 5662
22 850 59 8794
22 900 59 12588
22 950 153 13385
23 350 5 500
23 400 33 666
23 450 30 829
23 500 12 1090
23 650 10 2120
23 700 21 2577
23 750 50 3829
23 800 33 5440
23 850 20 8044
23 900 35 12515
23 950 46 13089
24 350 13 601
24 400 4 788
24 450 75 833
24 500 8 1065
24 550 18 1280
24 600 5 1574
24 650 1 2184
24 750 30 3866
24 800 41 5233
24 850 27 7741
24 900 73 12420
24 950 28 13016
25 400 1 832
25 500 6 1028
25 550 3 1338
25 600 7 1710
25 650 8 2280
25 700 3 2729
25 750 28 3589
25 800 26 4845
25 850 55 7530
25 900 62 11577
25 950 45 11858
26 400 44 699
26 450 15 843
26 500 12 899
26 550 10 1097
26 600 6 1579
26 700 21 2592
26 750 27 3519
26 800 3 5189
26 850 5 7782
26 900 134 11487
26 950 18 12147
27 450 19 730
27 500 16 971
27 550 16 1366
27 600 3 1391
27 650 1 1898
27 700 3 2516
27 750 10 3479
27 800 5 4972
27 850 57 7492
27 900 45 11722
27 950 53 12085
28 350 1 483
28 450 2 687
28 500 2 847
28 650 1 1909
28 700 4 2371
28 750 1 3221
28 800 30 4677
28 850 21 7213
28 900 92 11179
28 950 19 11760
29 250 1 284
29 400 29 649
29 450 18 827
29 500 12 790
29 700 11 2553
29 750 7 3151
29 800 22 4465
29 850 57 6694
29 900 63 10435
29 950 68 11755
30 600 2 1586
30 650 24 1906
30 700 13 2663
30 750 9 3289
30 800 62 4275
30 850 108 6899
30 900 7 10382
30 950 113 11007
31 300 16 537
31 350 13 430
31 500 1 863
31 650 8 1902
31 700 40 2353
31 750 118 3091
31 800 25 4163
31 850 26 6814
31 900 36 10276
31 950 36 10665
32 300 1 493
32 350 12 437
32 650 6 1983
32 700 8 2297
32 750 37 3043
32 800 3 4267
32 850 26 6717
32 900 14 9760
32 950 6 10796
33 250 1 365
33 350 2 446
33 400 1 528
33 450 13 764
33 500 13 855
33 550 13 1060
33 600 17 1431
33 650 5 2172
33 700 4 2492
33 750 38 3002
33 800 3 4476
33 850 40 6498
33 900 41 9820
33 950 73 10827
34 150 10 235
34 200 21 195
34 250 67 273
34 300 46 283
34 350 27 385
34 400 2 542
34 450 4 715
34 500 5 907
34 600 12 1182
34 650 1 1824
34 750 9 2859
34 800 8 4131
34 850 10 6203
34 900 108 10125
34 950 27 10512
35 450 2 681
35 750 40 2783
35 800 54 4093
35 850 21 6308
35 900 15 10091
35 950 27 9731
36 700 1 2020
36 800 1 3871
36 850 35 5753
36 900 174 9805
36 950 117 9390
37 450 1 578
37 500 3 807
37 600 1 1334
37 650 8 1693
37 700 25 2157
37 750 23 2735
37 850 17 5845
37 900 52 9033
37 950 33 9396
38 300 4 334
38 450 1 605
38 800 3 3896
38 900 75 9339
38 950 11 8887
39 300 1 297
39 350 3 566
39 750 15 2591
39 800 30 3730
39 900 99 8990
39 950 12 9631
40 300 25 286
40 350 8 479
40 400 11 573
40 700 9 2017
40 750 10 2531
40 800 50 3861
40 850 39 5726
40 900 34 8671
40 950 1 8697
41 300 4 350
41 350 2 494
41 650 1 1459
41 700 6 1877
41 800 5 3802
41 850 36 5440
41 950 55 8535
42 300 5 277
42 350 44 398
42 400 29 492
42 450 89 553
42 500 4 704
42 550 2 877
42 600 3 1117
42 650 10 1250
42 700 5 1765
42 750 31 2379
42 800 6 3846
42 850 3 5316
42 950 21 8581
43 650 12 1490
43 700 3 1659
43 900 1 7832
43 950 10 8245
44 300 13 304
44 350 11 389
44 400 5 412
44 450 2 605
44 650 5 1456
44 700 8 1667
44 800 1 3273
44 950 3 8186
45 300 21 231
45 650 2 1412
45 800 11 3179
45 900 3 7686
45 950 9 7797
46 600 4 897
46 650 2 1372
46 900 3 7662
46 950 10 8173
47 550 2 800
47 650 2 1299
47 850 1 4917
47 900 25 7524
47 950 41 8190
48 400 1 504
48 850 16 4819
48 900 43 7203
48 950 8 7735
49 550 1 820
49 850 41 4740
49 900 30 7276
49 950 10 7812
50 400 1 586
50 450 6 621
50 500 11 646
50 550 11 679
50 900 12 7262
50 950 4 7715
51 300 5 309
51 350 3 294
51 400 1 501
51 450 8 434
51 900 30 7201
52 300 16 287
52 350 10 342
52 400 13 482
52 450 1 554
52 700 3 1539
52 750 11 2008
52 850 9 4556
52 900 37 6723
53 450 23 529
53 500 10 722
53 550 1 758
53 700 5 1519
53 750 2 1841
53 900 1 6950
54 900 22 6574
55 350 1 278
61 400 1 438
62 400 6 373
62 900 16 5870
63 900 32 5794
67 900 1 5584
68 900 2 5515
78 350 2 214
80 350 14 278
80 400 18 225
80 450 3 258
