Allele_count Bstat Neanderthal non-Neanderthal
1 0 405 7153
1 50 276 4712
1 100 165 7997
1 150 414 9596
1 200 515 11433
1 250 687 15052
1 300 751 17189
1 350 922 22010
1 400 1110 27100
1 450 1707 31395
1 500 1669 37323
1 550 1836 46545
1 600 2274 56107
1 650 2852 67655
1 700 3446 85492
1 750 4639 109959
1 800 6058 151476
1 850 8018 223686
1 900 12429 331213
1 950 12308 331144
2 0 16 2047
2 50 22 1277
2 100 81 2338
2 150 141 2649
2 200 234 3210
2 250 206 4263
2 300 336 5013
2 350 551 6473
2 400 641 8175
2 450 717 9350
2 500 872 11860
2 550 793 14306
2 600 1058 17003
2 650 1291 20759
2 700 1975 25539
2 750 2043 35094
2 800 2815 48392
2 850 4341 71146
2 900 6393 108234
2 950 6378 108649
3 0 68 884
3 50 70 729
3 100 105 1097
3 150 152 1198
3 200 46 1499
3 250 87 1916
3 300 190 2409
3 350 239 3721
3 400 431 4581
3 450 397 5307
3 500 374 6302
3 550 500 7920
3 600 827 9374
3 650 844 11754
3 700 711 14723
3 750 1095 19793
3 800 1933 28715
3 850 2686 43813
3 900 4099 65993
3 950 3880 67492
4 0 1 741
4 50 3 422
4 100 1 900
4 150 13 1131
4 200 13 1216
4 250 21 1629
4 300 11 1889
4 350 79 2663
4 400 213 3721
4 450 321 4015
4 500 241 4623
4 550 322 6058
4 600 472 7739
4 650 726 9275
4 700 822 11179
4 750 729 15568
4 800 1179 22115
4 850 1809 32685
4 900 3066 49865
4 950 2505 49996
5 0 10 662
5 100 2 790
5 150 11 725
5 200 137 904
5 250 150 1293
5 300 99 1652
5 350 176 2253
5 400 180 2583
5 450 196 2935
5 500 220 3604
5 550 349 4555
5 600 501 6202
5 650 570 7110
5 700 556 9225
5 750 661 12636
5 800 926 18401
5 850 1443 26645
5 900 1778 39343
5 950 1430 40645
6 0 46 600
6 50 14 404
6 100 15 572
6 150 128 752
6 200 164 866
6 250 63 1072
6 300 161 1530
6 350 78 1870
6 400 87 2547
6 450 72 2810
6 500 121 3406
6 550 70 4190
6 600 240 5329
6 650 412 5996
6 700 471 7647
6 750 427 10467
6 800 712 15271
6 850 1357 23489
6 900 1223 35332
6 950 1188 36511
7 0 113 730
7 150 40 630
7 200 109 637
7 250 27 970
7 300 26 1142
7 350 51 1624
7 400 117 1925
7 450 126 2450
7 500 111 2983
7 550 113 3938
7 600 213 4903
7 650 259 5832
7 700 346 7551
7 750 413 9766
7 800 588 13104
7 850 871 20543
7 900 1355 30872
7 950 997 33382
8 0 15 381
8 100 18 526
8 150 44 670
8 200 44 813
8 250 150 1015
8 300 86 1241
8 350 66 1284
8 400 43 1930
8 450 92 2103
8 500 92 2540
8 550 178 3610
8 600 263 4232
8 650 403 5365
8 700 232 6242
8 750 446 8983
8 800 658 12209
8 850 647 18663
8 900 708 29322
8 950 688 29936
9 0 37 235
9 50 1 414
9 150 7 458
9 200 46 528
9 250 88 728
9 300 84 764
9 350 58 1176
9 400 24 1571
9 450 37 1721
9 500 58 2381
9 550 177 2901
9 600 169 3794
9 650 207 4626
9 700 153 5976
9 750 151 7929
9 800 198 11030
9 850 333 16670
9 900 486 26432
9 950 757 27391
10 0 4 241
10 150 17 548
10 200 2 559
10 250 22 786
10 300 7 1030
10 350 70 1380
10 400 23 1559
10 450 30 1783
10 500 13 2417
10 550 82 2680
10 600 98 3426
10 650 118 4205
10 700 156 5436
10 750 210 7291
10 800 220 10410
10 850 414 16404
10 900 508 24921
10 950 373 25726
11 50 2 170
11 100 13 301
11 150 7 444
11 200 26 568
11 250 9 713
11 300 41 1047
11 350 44 1385
11 400 83 1800
11 450 46 1922
11 500 97 2155
11 550 124 2449
11 600 166 3445
11 650 156 3916
11 700 144 5541
11 750 246 7607
11 800 278 10096
11 850 247 15169
11 900 317 23724
11 950 215 24803
12 150 1 391
12 200 8 476
12 300 18 521
12 350 59 987
12 400 29 1578
12 450 12 1750
12 500 51 2003
12 550 47 2441
12 600 66 2791
12 650 58 4081
12 700 88 4736
12 750 96 6623
12 800 98 9175
12 850 272 14648
12 900 313 22027
12 950 216 22765
13 150 2 507
13 250 11 507
13 300 13 762
13 350 7 1073
13 400 18 1408
13 450 11 1568
13 500 6 1690
13 550 36 2468
13 600 47 2880
13 650 39 3859
13 700 38 4332
13 750 38 6322
13 800 197 9071
13 850 273 12907
13 900 349 21412
13 950 280 22185
14 250 7 641
14 300 8 754
14 350 33 1063
14 400 9 1628
14 450 47 1652
14 500 32 2127
14 550 42 2227
14 600 98 2706
14 650 63 3858
14 700 140 4413
14 750 66 6012
14 800 104 8680
14 850 113 12901
14 900 170 20169
14 950 251 21235
15 150 8 527
15 200 13 411
15 250 111 568
15 300 166 621
15 350 170 959
15 400 9 1177
15 450 3 1420
15 500 4 1679
15 550 18 2091
15 600 44 3075
15 650 127 3592
15 700 41 4549
15 750 72 5934
15 800 113 8134
15 850 68 12397
15 900 158 19227
15 950 87 20609
16 150 7 465
16 250 5 560
16 300 36 617
16 350 36 752
16 400 22 1169
16 450 21 1434
16 500 57 1796
16 550 14 2219
16 600 38 2573
16 650 64 3382
16 700 69 4391
16 750 53 5266
16 800 78 7648
16 850 47 11459
16 900 65 18103
16 950 107 19150
17 150 17 350
17 200 7 368
17 250 5 827
17 300 14 642
17 350 67 1067
17 400 36 1168
17 450 70 1167
17 500 57 1458
17 550 12 1983
17 600 19 2257
17 650 51 3161
17 700 81 4217
17 750 96 5342
17 800 61 7318
17 850 40 11884
17 900 48 18644
17 950 182 18966
18 100 9 245
18 150 9 335
18 200 6 481
18 250 28 682
18 300 24 869
18 350 10 873
18 400 2 1154
18 450 13 1169
18 500 25 1610
18 550 39 1829
18 600 74 2346
18 650 59 3199
18 700 13 4125
18 750 32 5482
18 800 61 7233
18 850 40 10877
18 900 87 17505
18 950 110 18192
19 50 4 155
19 100 10 229
19 200 3 276
19 300 15 629
19 350 5 866
19 400 49 930
19 450 44 1083
19 500 31 1346
19 550 19 1685
19 600 12 2274
19 650 38 3191
19 700 14 4017
19 750 46 5278
19 800 61 7439
19 850 63 11230
19 900 87 16345
19 950 81 17309
20 50 1 118
20 300 1 485
20 350 5 792
20 400 35 840
20 450 12 1109
20 500 19 1523
20 550 22 1898
20 600 30 2222
20 650 33 2898
20 700 29 4012
20 750 33 5233
20 800 55 7239
20 850 73 10651
20 900 48 16079
20 950 13 16578
21 50 34 79
21 350 2 602
21 400 4 1080
21 450 8 1233
21 550 13 1705
21 600 20 2175
21 650 17 2748
21 700 39 3543
21 750 41 4654
21 800 3 6439
21 850 58 10031
21 900 59 15288
21 950 53 16550
22 50 17 53
22 150 37 190
22 250 1 570
22 300 1 616
22 350 35 629
22 400 9 781
22 450 16 1232
22 500 56 1324
22 550 2 1572
22 600 9 2192
22 650 57 2850
22 700 9 3815
22 800 17 6425
22 850 46 9918
22 900 71 15172
22 950 8 16672
23 100 2 193
23 250 1 390
23 300 2 411
23 350 11 646
23 400 14 872
23 450 7 1105
23 500 7 1204
23 550 14 1624
23 600 25 2143
23 650 54 2677
23 700 25 3395
23 750 3 4401
23 800 14 6092
23 850 84 10142
23 900 24 14397
23 950 11 15461
24 50 6 235
24 100 7 284
24 250 26 384
24 300 3 376
24 350 11 616
24 400 11 737
24 450 3 1039
24 600 1 1958
24 650 18 2622
24 700 10 3076
24 750 7 4078
24 800 34 6080
24 850 31 9687
24 900 48 13995
24 950 29 14914
25 350 8 709
25 550 7 1749
25 600 12 2081
25 650 27 2515
25 750 50 4150
25 800 52 6028
25 850 23 8971
25 900 56 13913
25 950 52 14403
26 350 1 513
26 650 6 2447
26 700 11 3005
26 750 69 4085
26 900 4 13441
26 950 6 14036
27 400 13 826
27 950 3 13931
28 700 1 2822
28 950 32 13950
29 700 45 2870
29 900 1 12228
30 650 1 2289
31 900 2 11901
31 950 11 12402
33 850 2 7316
34 800 3 4679
34 850 2 7027
