Allele_count Bstat Neanderthal non-Neanderthal
1 0 1 7283
1 50 46 4417
1 100 20 7482
1 150 37 9463
1 200 207 11205
1 250 126 13743
1 300 155 16263
1 350 335 21152
1 400 333 25691
1 450 427 30107
1 500 463 34705
1 550 729 43413
1 600 787 52375
1 650 1002 63485
1 700 1419 77465
1 750 1722 101186
1 800 2853 138083
1 850 4343 205032
1 900 6785 301419
1 950 8118 301518
2 50 2 1464
2 100 14 2426
2 150 43 3398
2 200 34 3456
2 250 50 4742
2 300 98 5123
2 350 86 7236
2 400 91 8387
2 450 177 9488
2 500 434 11614
2 550 295 14343
2 600 332 17375
2 650 492 21132
2 700 794 26829
2 750 1099 34266
2 800 1443 48271
2 850 2274 69776
2 900 3920 108504
2 950 4830 111234
3 0 1 942
3 50 1 758
3 100 1 1122
3 150 70 1796
3 200 9 1672
3 250 40 2103
3 300 18 2801
3 350 41 3911
3 400 53 5085
3 450 125 6092
3 500 105 7036
3 550 182 8856
3 600 186 11308
3 650 233 13030
3 700 432 16359
3 750 613 21197
3 800 1151 29397
3 850 1624 46717
3 900 2511 68576
3 950 2697 68175
4 0 16 1028
4 50 14 649
4 100 1 926
4 250 2 1786
4 300 14 2522
4 350 29 2916
4 400 76 3979
4 450 65 4328
4 500 66 5372
4 550 119 6496
4 600 87 8402
4 650 226 9694
4 700 362 12033
4 750 492 16262
4 800 695 23251
4 850 1235 33144
4 900 1353 51256
4 950 1547 53688
5 200 1 1076
5 250 19 1575
5 350 1 2140
5 400 25 2793
5 450 31 3061
5 500 87 4116
5 550 150 5582
5 600 189 6140
5 650 187 8079
5 700 230 10200
5 750 289 13424
5 800 607 19116
5 850 663 28615
5 900 1157 44682
5 950 1338 45471
6 200 28 998
6 250 5 1491
6 300 2 1642
6 350 15 1864
6 400 81 2426
6 450 48 3038
6 500 56 3811
6 550 97 4346
6 600 95 5224
6 650 136 6725
6 700 147 8248
6 750 115 12089
6 800 158 17046
6 850 402 26087
6 900 658 41233
6 950 1028 41405
7 0 1 500
7 50 5 425
7 100 4 546
7 200 60 792
7 250 5 1361
7 300 3 1225
7 350 20 1907
7 400 11 2267
7 450 21 2629
7 500 35 3316
7 550 68 4235
7 600 55 5621
7 650 102 6213
7 700 228 7734
7 750 212 10641
7 800 181 15973
7 850 404 23949
7 900 773 35817
7 950 990 36263
8 0 5 358
8 150 1 768
8 200 2 947
8 250 1 978
8 300 8 1151
8 350 1 1805
8 400 9 2285
8 450 12 2282
8 500 35 3146
8 550 44 3616
8 600 92 4247
8 650 129 5860
8 700 142 7187
8 750 114 10662
8 800 155 14137
8 850 276 21355
8 900 589 32728
8 950 721 33491
9 350 2 1382
9 400 22 2063
9 450 18 2108
9 500 4 3078
9 550 2 3308
9 600 77 4292
9 650 35 5278
9 700 57 6886
9 750 128 8579
9 800 128 12563
9 850 284 19553
9 900 409 29916
9 950 494 31358
10 250 1 655
10 300 3 823
10 350 3 1297
10 400 11 1989
10 450 2 2263
10 500 13 2600
10 550 9 3064
10 600 106 4057
10 650 17 5234
10 700 14 6555
10 750 85 9029
10 800 51 12231
10 850 118 17599
10 900 247 27938
10 950 485 29160
11 150 29 414
11 200 5 584
11 300 4 986
11 350 11 1292
11 400 6 1658
11 450 1 2070
11 500 1 2460
11 550 11 3063
11 600 24 3605
11 650 17 4678
11 700 18 6269
11 750 67 8028
11 800 73 11040
11 850 125 17226
11 900 210 26569
11 950 515 27616
12 200 1 642
12 250 10 758
12 300 1 885
12 400 7 1520
12 500 13 2120
12 550 42 2885
12 600 1 3535
12 650 44 4479
12 700 18 5715
12 750 71 7588
12 800 108 10926
12 850 119 15695
12 900 138 25172
12 950 309 26388
13 300 2 866
13 350 1 1214
13 400 5 1785
13 450 2 1876
13 500 7 2054
13 550 75 2665
13 600 34 3604
13 650 32 4676
13 700 41 5395
13 750 88 7155
13 800 49 9505
13 850 59 15273
13 900 238 23892
13 950 147 24348
14 450 11 1682
14 500 23 2302
14 550 3 2376
14 600 13 3320
14 650 10 3671
14 700 41 5154
14 750 25 7159
14 800 49 9768
14 850 84 14553
14 900 94 22894
14 950 156 23906
15 450 7 1337
15 500 1 2002
15 550 6 2558
15 600 12 3099
15 650 24 3932
15 700 22 5264
15 750 19 6745
15 800 70 9066
15 850 45 14496
15 900 149 22166
15 950 87 21828
16 250 1 651
16 300 2 752
16 350 4 1122
16 400 1 1265
16 450 1 1222
16 500 5 1661
16 550 12 2419
16 600 2 2844
16 650 4 3403
16 700 6 4875
16 750 17 6693
16 800 62 8994
16 850 54 13560
16 900 186 20630
16 950 95 21098
17 100 2 265
17 150 2 260
17 200 1 407
17 350 19 1089
17 400 45 1156
17 450 8 1323
17 500 4 1766
17 650 9 3661
17 700 12 4191
17 750 21 6076
17 800 25 8730
17 850 66 12485
17 900 81 19888
17 950 64 20697
18 250 26 636
18 300 8 591
18 350 15 917
18 400 5 1202
18 450 28 1411
18 500 4 1600
18 700 10 3831
18 750 11 5731
18 800 24 7793
18 850 18 12391
18 900 109 18748
18 950 50 18763
19 450 2 1392
19 500 44 1627
19 550 26 2332
19 600 2 2515
19 650 4 3208
19 700 6 4062
19 750 12 5461
19 800 10 7776
19 850 24 11360
19 900 11 17422
19 950 32 18733
20 400 2 1103
20 450 10 1311
20 500 1 1422
20 650 6 3105
20 700 2 4098
20 750 7 5318
20 800 10 7548
20 850 3 11491
20 900 11 18089
20 950 9 18135
21 550 6 1951
21 750 3 4862
21 800 30 7467
21 850 3 10905
21 900 8 17040
21 950 11 18154
22 400 4 928
22 650 2 2910
22 700 2 3580
22 750 8 5021
22 800 13 7189
22 850 6 10962
22 900 36 16439
22 950 34 16982
23 350 13 751
23 400 6 938
23 700 3 3498
23 750 2 4870
23 850 16 10119
23 900 27 15452
23 950 33 16882
24 650 6 2709
24 700 16 3950
24 750 2 5117
24 800 10 6864
24 850 3 10306
24 900 28 15465
24 950 39 15656
25 450 1 786
25 750 1 4792
25 800 2 6468
25 850 2 10113
25 900 14 14239
25 950 1 15145
26 900 5 13960
27 750 2 4376
27 850 3 8774
27 900 8 13762
28 750 3 3985
28 800 5 5597
28 850 13 8866
29 650 1 2383
30 900 4 12771
30 950 4 13173
32 850 13 7800
34 850 6 7215
