Allele_count Bstat Neanderthal non-Neanderthal
1 0 76 7284
1 50 55 4463
1 100 254 7502
1 150 483 9500
1 200 527 11412
1 250 526 13869
1 300 740 16418
1 350 749 21487
1 400 1120 26024
1 450 1661 30534
1 500 2052 35168
1 550 2241 44142
1 600 2451 53162
1 650 3072 64487
1 700 3354 78884
1 750 5140 102908
1 800 6861 140936
1 850 9895 209375
1 900 13359 308204
1 950 14282 309636
2 0 97 2129
2 50 167 1466
2 100 339 2453
2 150 247 3440
2 200 231 3495
2 250 395 4794
2 300 272 5216
2 350 268 7307
2 400 537 8472
2 450 752 9681
2 500 794 11991
2 550 949 14614
2 600 1330 17694
2 650 1692 21513
2 700 1948 27543
2 750 2220 35136
2 800 2496 49359
2 850 3950 71816
2 900 6404 112069
2 950 6470 116169
3 0 50 942
3 50 13 759
3 100 74 1123
3 150 39 1854
3 200 155 1689
3 250 286 2190
3 300 337 2833
3 350 443 3937
3 400 607 5129
3 450 487 6188
3 500 484 7143
3 550 728 9045
3 600 721 11532
3 650 853 13312
3 700 1052 16704
3 750 1467 21669
3 800 1794 30322
3 850 2303 48068
3 900 4372 70994
3 950 3789 70895
4 0 2 1053
4 100 20 928
4 150 46 998
4 200 44 1198
4 250 159 1790
4 300 153 2543
4 350 222 2946
4 400 276 4059
4 450 515 4372
4 500 303 5439
4 550 404 6547
4 600 306 8505
4 650 385 9808
4 700 709 12393
4 750 903 16597
4 800 1217 23703
4 850 1379 34254
4 900 2286 52759
4 950 2305 55508
5 0 2 944
5 150 2 799
5 200 1 1083
5 250 17 1593
5 300 52 1682
5 350 134 2157
5 400 156 2831
5 450 219 3115
5 500 221 4257
5 550 130 5720
5 600 205 6286
5 650 452 8207
5 700 463 10390
5 750 304 13727
5 800 920 19549
5 850 1237 29442
5 900 1676 45963
5 950 1519 47229
6 0 26 942
6 100 10 402
6 150 22 842
6 200 14 1028
6 250 155 1494
6 300 92 1661
6 350 161 1878
6 400 113 2431
6 450 148 3055
6 500 238 3864
6 550 179 4481
6 600 249 5326
6 650 252 6901
6 700 323 8397
6 750 487 12333
6 800 989 17365
6 850 1018 26597
6 900 1330 42063
6 950 1362 42965
7 0 96 501
7 150 22 634
7 200 35 802
7 250 69 1385
7 300 87 1229
7 350 64 1917
7 400 155 2279
7 450 85 2642
7 500 146 3378
7 550 99 4307
7 600 282 5683
7 650 116 6294
7 700 196 7879
7 750 396 10825
7 800 485 16290
7 850 479 24415
7 900 888 36763
7 950 1001 37635
8 250 45 984
8 300 81 1159
8 350 59 1812
8 400 100 2295
8 450 102 2288
8 500 143 3155
8 550 114 3658
8 600 106 4308
8 650 199 5936
8 700 207 7369
8 750 216 10843
8 800 271 14416
8 850 467 21855
8 900 555 33526
8 950 726 34583
9 250 32 966
9 300 69 1189
9 350 57 1391
9 400 109 2065
9 450 45 2116
9 500 123 3097
9 550 62 3346
9 600 47 4331
9 650 207 5314
9 700 163 7052
9 750 220 8827
9 800 386 12900
9 850 458 19995
9 900 563 30774
9 950 687 32362
10 0 1 349
10 200 3 500
10 250 4 657
10 300 58 827
10 350 43 1304
10 400 22 1992
10 450 25 2274
10 500 13 2639
10 550 64 3100
10 600 161 4129
10 650 182 5291
10 700 153 6627
10 750 149 9183
10 800 136 12474
10 850 191 17982
10 900 580 28606
10 950 771 30045
11 0 14 140
11 200 7 590
11 250 12 734
11 300 24 987
11 350 32 1305
11 400 73 1665
11 450 48 2073
11 500 35 2471
11 550 76 3099
11 600 152 3623
11 650 50 4744
11 700 115 6381
11 750 137 8200
11 800 223 11260
11 850 405 17588
11 900 486 27136
11 950 344 28383
12 0 27 306
12 200 46 644
12 250 92 759
12 300 64 892
12 350 35 982
12 400 42 1526
12 450 34 1793
12 500 29 2157
12 550 31 2908
12 600 84 3550
12 650 114 4526
12 700 62 5783
12 750 62 7711
12 800 96 11168
12 850 208 16061
12 900 198 25721
12 950 429 27125
13 150 3 359
13 200 12 777
13 250 46 939
13 300 54 894
13 350 92 1241
13 400 43 1808
13 450 51 1879
13 500 50 2063
13 550 35 2752
13 600 23 3661
13 650 31 4748
13 700 37 5489
13 750 61 7260
13 800 87 9675
13 850 77 15577
13 900 114 24432
13 950 186 25006
14 200 1 438
14 250 2 706
14 400 4 1436
14 500 2 2324
14 550 3 2412
14 600 41 3353
14 650 26 3708
14 700 50 5205
14 750 66 7278
14 800 98 9904
14 850 34 14830
14 900 130 23357
14 950 204 24606
15 150 15 402
15 300 6 753
15 350 3 865
15 400 51 1603
15 450 6 1367
15 500 10 2028
15 550 6 2584
15 600 3 3125
15 650 45 3957
15 700 19 5321
15 750 85 6837
15 800 79 9210
15 850 177 14772
15 900 160 22618
15 950 31 22445
16 200 1 545
16 300 29 762
16 350 5 1123
16 400 3 1281
16 550 8 2449
16 600 157 2870
16 650 72 3431
16 700 47 4957
16 750 21 6794
16 800 28 9167
16 850 72 13872
16 900 141 21134
16 950 87 21765
17 100 26 268
17 150 115 262
17 200 13 410
17 350 26 1124
17 400 50 1167
17 450 37 1346
17 500 12 1788
17 550 17 2436
17 600 59 2818
17 650 34 3713
17 700 24 4255
17 750 39 6213
17 800 34 8895
17 850 2 12727
17 900 36 20401
17 950 39 21449
18 400 11 1218
18 450 2 1430
18 500 1 1608
18 550 2 2088
18 600 3 2532
18 650 10 3281
18 700 46 3921
18 750 7 5839
18 800 30 7936
18 850 53 12713
18 900 96 19201
18 950 93 19337
19 550 22 2347
19 600 6 2552
19 650 31 3237
19 700 11 4128
19 800 18 7918
19 850 10 11682
19 900 19 17894
19 950 11 19292
20 650 3 3136
20 750 3 5418
20 800 5 7685
20 850 43 11696
20 900 183 18510
20 950 43 18745
21 650 1 2908
21 700 1 3831
21 800 1 7637
21 900 33 17394
21 950 6 18757
22 550 1 1828
22 650 10 2976
22 700 24 3669
22 750 43 5185
22 800 4 7504
22 900 18 16926
22 950 41 17475
23 650 2 2805
23 700 14 3562
23 750 16 4976
23 800 1 6897
23 850 1 10360
23 900 21 15938
23 950 27 17504
24 450 29 1278
24 500 1 1389
24 550 18 1717
24 600 3 2025
24 650 1 2756
24 700 8 4003
24 750 4 5254
24 800 9 7002
24 900 12 15937
24 950 18 16282
25 700 23 3450
25 750 7 4900
25 800 8 6640
27 600 30 1809
27 650 2 2508
27 700 1 3546
27 750 2 4443
28 600 3 1922
28 650 23 2545
28 750 3 4068
29 550 43 1351
29 600 4 1932
29 650 67 2411
29 700 16 2879
