Pleiotropy_number Dev_stage Tissue Singletons Doubletons Common_vars Singletons_control doubletons_control common_control
1,Adult, Unknown)",0,0,0,0,0,0
1,Adult,ESC,3240,902,6860,3191,948,6552
1,Adult,iPSC,2174,615,4377,2094,574,4227
1,Adult,ES-deriv,13582,3852,26572,12511,3650,25786
1,Adult,Blood & T-cell,1983,571,3948,1886,546,3782
1,Fetal,Blood & T-cell,138,34,287,143,41,276
1,Adult,HSC & B-cell,4009,1165,8249,3760,1217,8046
1,Fetal,HSC & B-cell,2101,619,4244,2009,598,4153
1,Adult,Mesench,12175,3375,23853,11490,3270,23654
1,Adult,Myosat,1806,523,3857,1775,501,3705
1,Adult,Epithelial,29662,8436,59148,27974,8042,57926
1,Adult,Neurosph,1085,295,2031,1110,312,2164
1,Adult,Thymus,89,34,191,76,30,209
1,Fetal,Thymus,478,154,968,475,130,922
1,Adult,Brain,3563,1048,6388,3393,961,6486
1,Fetal,Brain,8821,2426,16071,8087,2277,16684
1,Adult,Adipose,773,194,1447,782,243,1514
1,Adult,Muscle,1680,482,3165,1522,475,3041
1,Fetal,Muscle,2587,759,5232,2391,726,5095
1,Fetal,Heart,5317,1416,10111,4924,1321,9804
1,Adult,Heart,897,281,1678,838,259,1776
1,Adult,Sm. Muscle,1481,385,2840,1417,390,2776
1,Fetal,Digestive,5449,1640,10805,5135,1514,10869
1,Adult,Digestive,4567,1342,9145,4251,1281,9114
1,Adult,Ovary,1022,308,1950,917,264,1911
2,Adult, Unknown)",0,0,0,0,0,0
2,Adult,ESC,11702,3321,23370,10927,3028,22898
2,Adult,iPSC,9471,2603,18725,8833,2502,18502
2,Adult,ES-deriv,20024,5759,39649,18295,5224,38131
2,Adult,Blood & T-cell,4458,1276,8076,3888,1134,7702
2,Fetal,Blood & T-cell,815,230,1517,779,226,1521
2,Adult,HSC & B-cell,11993,3411,23606,11128,3231,23264
2,Fetal,HSC & B-cell,9414,2733,18750,8830,2562,18312
2,Adult,Mesench,22088,6202,42291,20353,5765,41674
2,Adult,Myosat,6184,1693,12261,5750,1653,11776
2,Adult,Epithelial,32611,9187,62605,29584,8432,60881
2,Adult,Neurosph,3202,876,6012,2868,893,6024
2,Adult,Thymus,683,175,1217,658,159,1216
2,Fetal,Thymus,1619,440,2712,1456,365,2635
2,Adult,Brain,8761,2421,15895,7950,2281,16064
2,Fetal,Brain,7479,2206,13617,6627,1866,13540
2,Adult,Adipose,2511,713,4849,2310,650,4785
2,Adult,Muscle,3670,1044,7055,3359,974,7026
2,Fetal,Muscle,5263,1551,10666,4778,1399,10300
2,Fetal,Heart,7550,2200,14422,6949,1970,13967
2,Adult,Heart,3201,929,6109,2935,817,5889
2,Adult,Sm. Muscle,3233,874,6060,2844,826,5744
2,Fetal,Digestive,10639,2981,20831,9842,2906,20423
2,Adult,Digestive,10684,3074,21142,9877,3075,20684
2,Adult,Ovary,1841,477,3639,1662,452,3408
3,Adult, Unknown)",0,0,0,0,0,0
3,Adult,ESC,19354,5506,38340,17394,4911,35810
3,Adult,iPSC,16985,4867,33940,15046,4365,31570
3,Adult,ES-deriv,30642,8663,60333,27545,7995,56669
3,Adult,Blood & T-cell,6629,1889,12427,5846,1741,12020
3,Fetal,Blood & T-cell,1741,481,3342,1587,479,3168
3,Adult,HSC & B-cell,12595,3623,24990,11328,3331,24066
3,Fetal,HSC & B-cell,9934,2914,19660,9086,2643,19183
3,Adult,Mesench,28705,8154,54620,26132,7540,53050
3,Adult,Myosat,13061,3662,24887,11679,3306,23959
3,Adult,Epithelial,38991,10931,74314,34768,10061,70880
3,Adult,Neurosph,5844,1547,10769,5106,1471,10468
3,Adult,Thymus,1140,335,2160,1034,278,2101
3,Fetal,Thymus,2694,775,5254,2308,713,4895
3,Adult,Brain,11570,3149,20792,10230,2977,20136
3,Fetal,Brain,7633,2130,13936,6723,1986,13599
3,Adult,Adipose,3918,1115,7568,3617,1082,7299
3,Adult,Muscle,5890,1603,10761,5103,1399,10066
3,Fetal,Muscle,8028,2310,15750,7314,2101,14674
3,Fetal,Heart,8499,2328,16092,7626,2142,15264
3,Adult,Heart,5000,1397,9342,4398,1255,8742
3,Adult,Sm. Muscle,4633,1219,8702,4024,1185,8388
3,Fetal,Digestive,11309,3172,22065,10488,3004,21257
3,Adult,Digestive,11796,3351,22815,10489,3171,21439
3,Adult,Ovary,2752,761,5268,2476,704,4872
4,Adult, Unknown)",0,0,0,0,0,0
4,Adult,ESC,20437,5784,39647,17893,5341,36940
4,Adult,iPSC,17955,5196,35057,15780,4686,32464
4,Adult,ES-deriv,34174,9668,66249,29828,8775,60925
4,Adult,Blood & T-cell,8417,2500,16503,7547,2210,15283
4,Fetal,Blood & T-cell,2992,861,6106,2737,785,5559
4,Adult,HSC & B-cell,14612,4161,29323,13092,3857,27196
4,Fetal,HSC & B-cell,11918,3404,23761,10704,3133,21868
4,Adult,Mesench,28911,8108,54845,25401,7267,51132
4,Adult,Myosat,13354,3740,25488,11932,3429,23827
4,Adult,Epithelial,38871,10974,74296,34056,9928,68874
4,Adult,Neurosph,8921,2454,16107,7859,2289,15797
4,Adult,Thymus,1699,509,3392,1487,479,3194
4,Fetal,Thymus,3773,1139,7521,3305,978,6963
4,Adult,Brain,13958,3834,25488,12220,3569,24137
4,Fetal,Brain,8043,2198,14382,6769,2090,13340
4,Adult,Adipose,5193,1492,10029,4590,1325,9207
4,Adult,Muscle,7450,2055,13740,6675,1852,12855
4,Fetal,Muscle,10174,2918,20003,8899,2763,18402
4,Fetal,Heart,9749,2626,18217,8578,2508,16878
4,Adult,Heart,6914,1901,13042,6063,1772,12043
4,Adult,Sm. Muscle,6525,1761,11965,5723,1654,11367
4,Fetal,Digestive,13168,3640,25372,11706,3417,23768
4,Adult,Digestive,13823,3882,26530,12090,3421,24683
4,Adult,Ovary,3297,891,6341,2898,864,5890
5,Adult, Unknown)",0,0,0,0,0,0
5,Adult,ESC,21321,5942,40136,18271,5175,37060
5,Adult,iPSC,18747,5244,35116,16012,4572,32433
5,Adult,ES-deriv,33672,9581,63208,28722,8250,57816
5,Adult,Blood & T-cell,9900,2787,18293,8721,2421,16878
5,Fetal,Blood & T-cell,3849,1124,7385,3532,1012,6948
5,Adult,HSC & B-cell,15936,4499,30550,13803,4061,28418
5,Fetal,HSC & B-cell,13152,3678,25216,11583,3447,23605
5,Adult,Mesench,26979,7767,50676,23771,6764,47265
5,Adult,Myosat,13018,3723,24056,11415,3314,22606
5,Adult,Epithelial,35941,10136,67080,31005,8945,61793
5,Adult,Neurosph,10363,2972,18230,8787,2475,17612
5,Adult,Thymus,2542,704,4709,2154,655,4206
5,Fetal,Thymus,5456,1528,10066,4651,1371,9236
5,Adult,Brain,15392,4390,27798,13347,3845,25916
5,Fetal,Brain,8144,2389,14554,6713,1989,13874
5,Adult,Adipose,6105,1760,11460,5450,1533,10749
5,Adult,Muscle,8828,2559,16571,7692,2255,15006
5,Fetal,Muscle,12423,3615,23621,10526,2959,21056
5,Fetal,Heart,9896,2868,18367,8571,2421,17171
5,Adult,Heart,8385,2479,16456,7453,2151,14639
5,Adult,Sm. Muscle,7710,2158,14237,6763,1928,13382
5,Fetal,Digestive,13982,4073,26913,11930,3470,24566
5,Adult,Digestive,14309,4074,27452,12188,3675,24509
5,Adult,Ovary,4130,1220,7825,3595,1012,7251
6,Adult, Unknown)",0,0,0,0,0,0
6,Adult,ESC,20644,5974,39370,17313,5022,35203
6,Adult,iPSC,18464,5302,35001,15579,4514,31404
6,Adult,ES-deriv,32062,9174,60657,27203,7904,53974
6,Adult,Blood & T-cell,10340,2899,19552,8790,2566,17574
6,Fetal,Blood & T-cell,4773,1366,9154,3999,1162,8083
6,Adult,HSC & B-cell,16239,4647,31156,13822,3963,27831
6,Fetal,HSC & B-cell,14059,3971,26928,12044,3451,24164
6,Adult,Mesench,25870,7340,48516,22046,6370,43884
6,Adult,Myosat,13226,3812,24628,11307,3278,22428
6,Adult,Epithelial,34342,9723,64245,29029,8418,57910
6,Adult,Neurosph,10941,3092,20324,9416,2688,18688
6,Adult,Thymus,3206,895,6229,2755,782,5538
6,Fetal,Thymus,6330,1793,12171,5284,1524,10964
6,Adult,Brain,15996,4527,29248,13707,3950,26741
6,Fetal,Brain,8150,2331,14727,6765,1925,13521
6,Adult,Adipose,7028,2056,13489,6351,1798,12317
6,Adult,Muscle,10309,2954,18812,8907,2581,17287
6,Fetal,Muscle,13749,3962,26219,11701,3436,23461
6,Fetal,Heart,10255,2949,19254,8729,2511,17260
6,Adult,Heart,9784,2752,18399,8466,2398,16602
6,Adult,Sm. Muscle,8866,2527,16182,7589,2217,14795
6,Fetal,Digestive,14533,4202,27867,12372,3575,25047
6,Adult,Digestive,15592,4483,29729,13278,3876,26430
6,Adult,Ovary,4708,1403,8969,4000,1109,7950
7,Adult, Unknown)",0,0,0,0,0,0
7,Adult,ESC,19066,5371,36482,15859,4607,32322
7,Adult,iPSC,17195,4887,32804,14175,4178,28937
7,Adult,ES-deriv,29465,8353,55699,24187,7021,48751
7,Adult,Blood & T-cell,10602,3032,19693,8902,2642,17839
7,Fetal,Blood & T-cell,4840,1334,9002,4130,1175,7987
7,Adult,HSC & B-cell,15959,4804,30672,13688,4036,27377
7,Fetal,HSC & B-cell,13698,3992,26295,11801,3470,23634
7,Adult,Mesench,24170,6949,44985,20226,5871,40160
7,Adult,Myosat,12236,3590,23097,10233,3021,20446
7,Adult,Epithelial,31309,9080,58699,26140,7579,52172
7,Adult,Neurosph,10928,3121,20032,9200,2688,18163
7,Adult,Thymus,3534,981,6472,2961,838,5794
7,Fetal,Thymus,6590,1919,12488,5523,1582,11132
7,Adult,Brain,16091,4571,29241,13484,3988,26851
7,Fetal,Brain,7908,2171,14171,6284,1801,12749
7,Adult,Adipose,8124,2310,15372,7036,1989,14102
7,Adult,Muscle,11241,3309,21003,9475,2737,18898
7,Fetal,Muscle,14991,4249,28632,12166,3501,25087
7,Fetal,Heart,10374,3052,19534,8569,2486,17052
7,Adult,Heart,11053,3183,20918,9183,2645,18518
7,Adult,Sm. Muscle,10150,2851,18594,8676,2473,17054
7,Fetal,Digestive,15262,4374,29153,12532,3670,25631
7,Adult,Digestive,16252,4732,30845,13467,3907,27000
7,Adult,Ovary,5463,1571,10115,4410,1293,8701
8,Adult, Unknown)",0,0,0,0,0,0
8,Adult,ESC,17547,5274,33728,14319,4316,29860
8,Adult,iPSC,15627,4717,30034,12858,3845,26435
8,Adult,ES-deriv,26406,7673,50472,21721,6429,44336
8,Adult,Blood & T-cell,10645,3104,20117,9097,2653,18225
8,Fetal,Blood & T-cell,5133,1474,9494,4210,1249,8662
8,Adult,HSC & B-cell,15524,4538,29666,13201,3865,26651
8,Fetal,HSC & B-cell,13615,4046,25791,11556,3262,23359
8,Adult,Mesench,22114,6262,41554,18305,5374,36790
8,Adult,Myosat,11369,3178,21270,9276,2708,18903
8,Adult,Epithelial,28625,8222,54139,23713,6955,47883
8,Adult,Neurosph,10473,3150,19694,8821,2701,17805
8,Adult,Thymus,3483,951,6445,2943,802,5899
8,Fetal,Thymus,7035,2011,13582,5845,1742,12128
8,Adult,Brain,16003,4569,29570,13378,3953,26555
8,Fetal,Brain,7578,2139,13826,6074,1804,12250
8,Adult,Adipose,9163,2607,17174,7705,2212,15540
8,Adult,Muscle,12845,3749,23827,10787,3146,21295
8,Fetal,Muscle,16095,4604,30802,13013,3828,26770
8,Fetal,Heart,10243,2912,19480,8547,2561,17165
8,Adult,Heart,11835,3371,22387,9922,2890,19783
8,Adult,Sm. Muscle,11141,3142,20938,9448,2711,18368
8,Fetal,Digestive,15459,4489,29206,12734,3697,25595
8,Adult,Digestive,16197,4770,30882,13374,3882,26947
8,Adult,Ovary,5709,1624,11090,4777,1359,9484
9,Adult, Unknown)",0,0,0,0,0,0
9,Adult,ESC,16675,4682,31227,13158,3858,26993
9,Adult,iPSC,14769,4208,27550,11650,3400,23775
9,Adult,ES-deriv,25364,7234,47348,19886,5860,40764
9,Adult,Blood & T-cell,10060,2835,18506,8369,2377,16479
9,Fetal,Blood & T-cell,4774,1335,8728,4039,1197,7935
9,Adult,HSC & B-cell,14838,4171,27710,11970,3551,24183
9,Fetal,HSC & B-cell,13401,3806,25057,10936,3214,22185
9,Adult,Mesench,21022,6063,38797,16854,4811,33849
9,Adult,Myosat,10846,3111,20178,8636,2509,17406
9,Adult,Epithelial,27139,7736,49949,21677,6313,43323
9,Adult,Neurosph,10841,3091,19786,8625,2485,17316
9,Adult,Thymus,3253,929,6332,2865,851,5684
9,Fetal,Thymus,7129,2077,13701,5880,1799,12113
9,Adult,Brain,16137,4593,29209,12987,3660,25649
9,Fetal,Brain,7373,2003,13484,5791,1634,11586
9,Adult,Adipose,10454,2894,18838,8287,2418,16736
9,Adult,Muscle,13701,3858,25028,11069,3177,21931
9,Fetal,Muscle,16380,4770,31195,13056,3810,26624
9,Fetal,Heart,10878,3130,19895,8777,2537,17328
9,Adult,Heart,13384,3793,24723,10812,3088,21539
9,Adult,Sm. Muscle,12245,3532,22233,9846,2875,19659
9,Fetal,Digestive,16266,4682,30479,12794,3669,26075
9,Adult,Digestive,16820,4730,31032,13328,3844,26845
9,Adult,Ovary,6354,1790,12160,5280,1574,10416
10,Adult, Unknown)",0,0,0,0,0,0
10,Adult,ESC,15980,4643,29670,12417,3676,25069
10,Adult,iPSC,14644,4288,27036,11392,3289,22887
10,Adult,ES-deriv,23870,6741,44463,18515,5475,37339
10,Adult,Blood & T-cell,9961,2841,18338,7774,2269,15705
10,Fetal,Blood & T-cell,4702,1303,8661,3687,1046,7352
10,Adult,HSC & B-cell,14963,4250,28067,11729,3479,23942
10,Fetal,HSC & B-cell,13531,3843,25559,10735,3101,21584
10,Adult,Mesench,20019,5701,36964,15675,4677,31567
10,Adult,Myosat,10726,3073,19440,8349,2461,16594
10,Adult,Epithelial,25560,7332,47414,20110,5957,40309
10,Adult,Neurosph,10532,2993,19104,8268,2437,16932
10,Adult,Thymus,3163,878,6282,2545,753,5232
10,Fetal,Thymus,7205,2038,13836,5632,1681,11525
10,Adult,Brain,15984,4571,28926,12780,3714,25271
10,Fetal,Brain,7062,2033,12822,5347,1626,10879
10,Adult,Adipose,11203,3254,21053,8920,2701,18174
10,Adult,Muscle,14300,4180,26649,11556,3416,23116
10,Fetal,Muscle,17032,4875,32395,13136,3907,27099
10,Fetal,Heart,10915,3095,20464,8747,2457,17096
10,Adult,Heart,14106,4053,26479,11043,3338,22096
10,Adult,Sm. Muscle,12979,3722,24112,10433,3079,20537
10,Fetal,Digestive,16338,4741,31117,12740,3674,25805
10,Adult,Digestive,16699,4871,31387,13146,3943,26096
10,Adult,Ovary,7086,2031,13342,5524,1654,11394
11,Adult, Unknown)",0,0,0,0,0,0
11,Adult,ESC,14319,4184,26758,11121,3338,22664
11,Adult,iPSC,13104,3786,24347,10119,3052,20584
11,Adult,ES-deriv,21127,6099,39610,16360,4856,33449
11,Adult,Blood & T-cell,9134,2663,16744,7197,2217,14667
11,Fetal,Blood & T-cell,4331,1299,8092,3466,1043,7040
11,Adult,HSC & B-cell,13716,4028,25523,10643,3173,21792
11,Fetal,HSC & B-cell,12409,3649,23034,9522,2851,19715
11,Adult,Mesench,18063,5212,33575,13950,4180,28154
11,Adult,Myosat,9866,2880,18433,7616,2289,15490
11,Adult,Epithelial,22880,6591,42684,17785,5353,35710
11,Adult,Neurosph,10162,2974,18853,7936,2301,15978
11,Adult,Thymus,3140,931,6036,2590,772,5324
11,Fetal,Thymus,6962,2124,13366,5427,1652,11294
11,Adult,Brain,15436,4466,28315,12027,3565,23943
11,Fetal,Brain,6917,1974,12427,5296,1545,10607
11,Adult,Adipose,11830,3434,21615,9097,2828,18315
11,Adult,Muscle,14689,4210,26950,11661,3495,23083
11,Fetal,Muscle,16625,4797,31214,12737,3761,25866
11,Fetal,Heart,10828,3050,19906,8320,2446,16395
11,Adult,Heart,14143,3957,26354,11038,3289,22220
11,Adult,Sm. Muscle,13439,3858,24749,10611,3091,20776
11,Fetal,Digestive,15576,4446,29237,11946,3533,24431
11,Adult,Digestive,16339,4747,30656,12548,3839,25555
11,Adult,Ovary,7069,2025,13281,5551,1612,11092
12,Adult, Unknown)",0,0,0,0,0,0
12,Adult,ESC,13449,3906,25344,10535,3090,21099
12,Adult,iPSC,12116,3512,22601,9389,2736,18756
12,Adult,ES-deriv,19535,5659,36544,15140,4418,30244
12,Adult,Blood & T-cell,8656,2527,16088,7207,2151,14001
12,Fetal,Blood & T-cell,4079,1190,7717,3362,1003,6658
12,Adult,HSC & B-cell,12625,3736,23988,10217,3017,20082
12,Fetal,HSC & B-cell,11639,3434,22159,9463,2723,18612
12,Adult,Mesench,16676,4696,31284,13002,3805,26026
12,Adult,Myosat,9235,2637,17342,7216,2159,14196
12,Adult,Epithelial,20791,6002,39028,16295,4822,32456
12,Adult,Neurosph,10111,3014,18834,7991,2293,15873
12,Adult,Thymus,3082,910,5854,2523,713,5120
12,Fetal,Thymus,7036,2047,13372,5543,1598,11281
12,Adult,Brain,15236,4348,27927,11845,3497,23465
12,Fetal,Brain,6635,1966,12280,5124,1486,10146
12,Adult,Adipose,11670,3349,22221,9099,2723,18510
12,Adult,Muscle,15140,4386,28139,11702,3500,23273
12,Fetal,Muscle,15805,4683,30520,12132,3554,24755
12,Fetal,Heart,10487,2951,19607,8201,2333,16025
12,Adult,Heart,14479,4197,26852,11221,3185,22148
12,Adult,Sm. Muscle,13662,3878,25514,10858,3152,21220
12,Fetal,Digestive,15153,4435,28634,11648,3427,23677
12,Adult,Digestive,15989,4634,29860,12474,3690,24982
12,Adult,Ovary,7486,2143,14171,5717,1705,11703
13,Adult, Unknown)",0,0,0,0,0,0
13,Adult,ESC,13255,3789,24294,10015,2850,19546
13,Adult,iPSC,12035,3496,22126,9057,2691,17789
13,Adult,ES-deriv,18638,5453,34234,13954,4061,27559
13,Adult,Blood & T-cell,8671,2471,15594,6841,1958,12859
13,Fetal,Blood & T-cell,4281,1210,7850,3422,961,6498
13,Adult,HSC & B-cell,12632,3673,23483,9858,2824,19089
13,Fetal,HSC & B-cell,11668,3381,21619,9155,2600,17594
13,Adult,Mesench,15966,4581,29237,12107,3487,23875
13,Adult,Myosat,9269,2682,16838,6962,2032,13713
13,Adult,Epithelial,19984,5765,36546,15144,4355,29682
13,Adult,Neurosph,10238,2880,18524,7675,2214,15280
13,Adult,Thymus,3140,909,5722,2459,701,4653
13,Fetal,Thymus,6966,2038,12985,5359,1542,10648
13,Adult,Brain,15203,4374,27388,11541,3324,22350
13,Fetal,Brain,6690,1867,11873,4840,1397,9596
13,Adult,Adipose,12063,3517,22489,9196,2615,18061
13,Adult,Muscle,15082,4378,27649,11530,3335,22449
13,Fetal,Muscle,15634,4605,29286,11708,3469,23505
13,Fetal,Heart,10614,3094,19327,8013,2323,15490
13,Adult,Heart,14681,4250,26917,10989,3197,21631
13,Adult,Sm. Muscle,14161,4130,25989,10679,3155,20966
13,Fetal,Digestive,15022,4392,27835,11172,3278,22491
13,Adult,Digestive,16111,4713,29707,12338,3559,24104
13,Adult,Ovary,7558,2267,13928,5764,1655,11548
14,Adult, Unknown)",0,0,0,0,0,0
14,Adult,ESC,12370,3482,23288,9043,2676,18136
14,Adult,iPSC,11260,3151,21105,8299,2439,16506
14,Adult,ES-deriv,16945,4792,31998,12400,3658,24774
14,Adult,Blood & T-cell,8464,2401,15499,6301,1908,12460
14,Fetal,Blood & T-cell,4019,1222,7541,3043,922,6063
14,Adult,HSC & B-cell,12247,3525,22970,9112,2747,18236
14,Fetal,HSC & B-cell,11155,3201,21027,8315,2464,16742
14,Adult,Mesench,14681,4152,27458,10725,3170,21465
14,Adult,Myosat,8638,2456,16161,6351,1732,12618
14,Adult,Epithelial,18071,5132,33831,13172,3896,26303
14,Adult,Neurosph,9873,2744,18297,7176,2161,14366
14,Adult,Thymus,3025,881,5669,2228,709,4470
14,Fetal,Thymus,7075,2101,13593,5200,1589,10550
14,Adult,Brain,14420,4073,26840,10722,3189,21041
14,Fetal,Brain,6294,1736,11402,4591,1347,8946
14,Adult,Adipose,12201,3455,22547,8839,2641,17319
14,Adult,Muscle,14947,4218,27642,10884,3236,21579
14,Fetal,Muscle,14942,4238,28039,10704,3134,21483
14,Fetal,Heart,10228,2816,18842,7434,2156,14507
14,Adult,Heart,14163,3967,26411,10210,3009,20242
14,Adult,Sm. Muscle,13851,3896,25566,10131,2960,19891
14,Fetal,Digestive,14425,4132,27033,10417,3008,20680
14,Adult,Digestive,15519,4443,28878,11284,3320,22284
14,Adult,Ovary,7673,2228,14655,5705,1667,11209
15,Adult, Unknown)",0,0,0,0,0,0
15,Adult,ESC,11814,3437,21783,8605,2524,17201
15,Adult,iPSC,10957,3159,20110,7865,2283,15686
15,Adult,ES-deriv,15984,4730,29416,11563,3326,22941
15,Adult,Blood & T-cell,8310,2441,14950,6356,1776,12021
15,Fetal,Blood & T-cell,4134,1169,7255,3204,884,5944
15,Adult,HSC & B-cell,11816,3474,21817,8789,2543,17264
15,Fetal,HSC & B-cell,11131,3280,20542,8266,2411,16321
15,Adult,Mesench,13994,4063,25566,10093,2954,19822
15,Adult,Myosat,8556,2466,15845,6224,1880,12397
15,Adult,Epithelial,16727,4885,30534,12218,3541,24051
15,Adult,Neurosph,9837,2883,17896,7207,2034,13953
15,Adult,Thymus,3003,840,5527,2259,661,4395
15,Fetal,Thymus,7567,2197,13955,5424,1590,10900
15,Adult,Brain,14142,4088,25415,10346,2970,20167
15,Fetal,Brain,6092,1843,10807,4337,1280,8661
15,Adult,Adipose,12082,3556,21776,8638,2541,17312
15,Adult,Muscle,14406,4273,26281,10450,3071,20701
15,Fetal,Muscle,13974,4178,26196,10089,2895,20430
15,Fetal,Heart,10453,3009,18695,7408,2124,14569
15,Adult,Heart,13788,4036,25381,10038,2869,19817
15,Adult,Sm. Muscle,13467,3907,24394,9878,2823,19067
15,Fetal,Digestive,13960,4101,25920,10121,2907,20000
15,Adult,Digestive,15046,4401,27633,10881,3118,21584
15,Adult,Ovary,7815,2334,14321,5596,1695,11256
16,Adult, Unknown)",0,0,0,0,0,0
16,Adult,ESC,11521,3415,21026,7927,2289,16275
16,Adult,iPSC,10641,3167,19606,7545,2168,15170
16,Adult,ES-deriv,15014,4373,27367,10412,2994,21104
16,Adult,Blood & T-cell,7998,2300,14342,5692,1649,11399
16,Fetal,Blood & T-cell,3609,1026,6546,2660,812,5250
16,Adult,HSC & B-cell,11356,3330,20774,8087,2297,16278
16,Fetal,HSC & B-cell,10559,3087,19393,7543,2169,15201
16,Adult,Mesench,13257,3809,24135,9275,2630,18614
16,Adult,Myosat,8249,2369,14928,5747,1638,11550
16,Adult,Epithelial,15630,4552,28505,10944,3119,21955
16,Adult,Neurosph,10169,3019,18527,7131,2013,14436
16,Adult,Thymus,3134,938,5843,2256,679,4622
16,Fetal,Thymus,7661,2264,14087,5217,1519,10640
16,Adult,Brain,13800,4020,24932,9665,2765,19360
16,Fetal,Brain,6388,1847,11845,4453,1263,9005
16,Adult,Adipose,11624,3439,21211,8216,2345,16539
16,Adult,Muscle,13939,4031,25139,9636,2791,19278
16,Fetal,Muscle,13620,3941,25046,9397,2684,19113
16,Fetal,Heart,10219,2869,18252,7159,2043,14074
16,Adult,Heart,13545,3917,24549,9436,2687,18881
16,Adult,Sm. Muscle,13320,3815,23852,9289,2625,18587
16,Fetal,Digestive,13493,3938,24683,9254,2651,18811
16,Adult,Digestive,14348,4177,26188,10036,2860,20208
16,Adult,Ovary,7930,2277,14520,5567,1598,11058
17,Adult, Unknown)",0,0,0,0,0,0
17,Adult,ESC,10886,3095,19538,7675,2201,15111
17,Adult,iPSC,9881,2824,18037,7014,2021,13738
17,Adult,ES-deriv,13432,3824,24217,9466,2713,18400
17,Adult,Blood & T-cell,8061,2307,14044,5835,1706,11305
17,Fetal,Blood & T-cell,4130,1200,6865,2946,880,5563
17,Adult,HSC & B-cell,10844,3118,19460,7753,2255,15160
17,Fetal,HSC & B-cell,10270,2906,18357,7316,2137,14237
17,Adult,Mesench,11550,3355,21125,8383,2430,16272
17,Adult,Myosat,7401,2149,13340,5436,1516,10498
17,Adult,Epithelial,13784,3932,24803,9828,2800,19010
17,Adult,Neurosph,9324,2686,16923,6826,1931,13084
17,Adult,Thymus,3305,984,5839,2288,691,4527
17,Fetal,Thymus,7886,2333,14224,5574,1608,10796
17,Adult,Brain,12456,3600,22312,8927,2547,17196
17,Fetal,Brain,6168,1725,11052,4321,1203,8256
17,Adult,Adipose,10569,3074,19202,7575,2164,14535
17,Adult,Muscle,12673,3586,22731,8963,2562,17428
17,Fetal,Muscle,12453,3570,22635,8738,2450,17061
17,Fetal,Heart,9481,2663,16891,6818,1930,12912
17,Adult,Heart,12119,3462,21808,8683,2409,16617
17,Adult,Sm. Muscle,12008,3397,21504,8584,2421,16444
17,Fetal,Digestive,12167,3476,22184,8660,2461,16768
17,Adult,Digestive,13185,3734,23620,9398,2657,18179
17,Adult,Ovary,7214,2071,13078,5118,1454,9865
18,Adult, Unknown)",0,0,0,0,0,0
18,Adult,ESC,9882,2811,18155,6454,1985,13097
18,Adult,iPSC,9290,2624,16994,6052,1857,12286
18,Adult,ES-deriv,11867,3405,21686,7799,2381,15733
18,Adult,Blood & T-cell,7683,2203,14024,5304,1610,10605
18,Fetal,Blood & T-cell,3912,1074,6983,2702,783,5300
18,Adult,HSC & B-cell,10372,2977,19003,6868,2087,13860
18,Fetal,HSC & B-cell,9834,2822,18025,6632,1969,13206
18,Adult,Mesench,10547,3022,19104,6948,2150,14200
18,Adult,Myosat,7048,1967,12678,4618,1411,9390
18,Adult,Epithelial,12119,3442,22061,7953,2435,15994
18,Adult,Neurosph,8598,2432,15570,5646,1697,11351
18,Adult,Thymus,3531,1013,6405,2416,754,4603
18,Fetal,Thymus,7948,2276,14703,5197,1610,10447
18,Adult,Brain,11336,3237,20534,7577,2301,15084
18,Fetal,Brain,5750,1676,10538,3742,1145,7508
18,Adult,Adipose,9722,2753,17698,6486,1988,12999
18,Adult,Muscle,11440,3254,20806,7533,2293,15095
18,Fetal,Muscle,11135,3174,20458,7263,2252,14694
18,Fetal,Heart,8908,2525,16178,5829,1771,11669
18,Adult,Heart,11172,3179,20398,7325,2244,14789
18,Adult,Sm. Muscle,10922,3089,19862,7233,2189,14495
18,Fetal,Digestive,11014,3134,20216,7190,2188,14553
18,Adult,Digestive,11809,3366,21462,7724,2388,15584
18,Adult,Ovary,6695,1851,12125,4371,1332,8856
19,Adult, Unknown)",0,0,0,0,0,0
19,Adult,ESC,8889,2575,16215,5662,1701,11305
19,Adult,iPSC,8399,2402,15147,5327,1599,10621
19,Adult,ES-deriv,10260,2925,18663,6509,1949,13031
19,Adult,Blood & T-cell,7303,2109,13272,4936,1457,9726
19,Fetal,Blood & T-cell,3854,1118,6929,2595,762,5153
19,Adult,HSC & B-cell,9652,2749,17596,6174,1821,12336
19,Fetal,HSC & B-cell,9257,2651,16887,5963,1758,11893
19,Adult,Mesench,9143,2547,16598,5740,1702,11582
19,Adult,Myosat,6351,1753,11468,4004,1219,8024
19,Adult,Epithelial,10324,2940,18730,6631,1967,13167
19,Adult,Neurosph,7964,2221,14250,5037,1504,9979
19,Adult,Thymus,3582,1034,6761,2399,693,4818
19,Fetal,Thymus,7833,2256,14454,4999,1490,10101
19,Adult,Brain,9910,2796,17928,6297,1892,12585
19,Fetal,Brain,5527,1563,9838,3554,1060,6879
19,Adult,Adipose,8456,2417,15299,5484,1633,10944
19,Adult,Muscle,10010,2841,18141,6403,1890,12744
19,Fetal,Muscle,9789,2784,17822,6207,1837,12489
19,Fetal,Heart,8063,2292,14561,5116,1504,10084
19,Adult,Heart,9797,2805,17914,6297,1861,12516
19,Adult,Sm. Muscle,9707,2744,17548,6210,1835,12313
19,Fetal,Digestive,9744,2760,17639,6172,1827,12323
19,Adult,Digestive,10186,2892,18483,6532,1956,13060
19,Adult,Ovary,6146,1750,11099,3888,1159,7687
20,Adult, Unknown)",0,0,0,0,0,0
20,Adult,ESC,7346,2148,12813,4554,1384,8980
20,Adult,iPSC,7059,2044,12252,4304,1347,8507
20,Adult,ES-deriv,8184,2380,14430,5124,1564,10096
20,Adult,Blood & T-cell,6738,1951,11838,4288,1290,8273
20,Fetal,Blood & T-cell,3837,1133,6754,2512,751,4735
20,Adult,HSC & B-cell,8046,2344,14076,5068,1541,9909
20,Fetal,HSC & B-cell,7843,2290,13729,4891,1501,9644
20,Adult,Mesench,7459,2161,13093,4669,1427,9258
20,Adult,Myosat,5322,1556,9392,3348,1009,6628
20,Adult,Epithelial,8258,2404,14493,5188,1591,10194
20,Adult,Neurosph,6751,1964,11820,4301,1284,8450
20,Adult,Thymus,3580,1084,6452,2370,730,4662
20,Fetal,Thymus,6962,2056,12357,4307,1344,8578
20,Adult,Brain,8043,2347,14175,5044,1559,9930
20,Fetal,Brain,4819,1365,8395,2960,892,5814
20,Adult,Adipose,7030,2065,12366,4389,1367,8691
20,Adult,Muscle,8062,2356,14142,5098,1564,9980
20,Fetal,Muscle,7905,2282,13923,4886,1517,9669
20,Fetal,Heart,6807,1959,11813,4315,1320,8304
20,Adult,Heart,7979,2333,14035,5016,1538,9781
20,Adult,Sm. Muscle,7878,2309,13855,4956,1518,9731
20,Fetal,Digestive,7877,2279,13808,4912,1520,9684
20,Adult,Digestive,8217,2385,14398,5157,1581,10116
20,Adult,Ovary,4898,1425,8651,3063,941,6006
21,Adult, Unknown)",0,0,0,0,0,0
21,Adult,ESC,5804,1612,10400,3488,987,6680
21,Adult,iPSC,5520,1558,10027,3361,940,6391
21,Adult,ES-deriv,6221,1747,11162,3820,1071,7258
21,Adult,Blood & T-cell,5534,1548,9917,3456,968,6576
21,Fetal,Blood & T-cell,3565,976,6365,2309,654,4243
21,Adult,HSC & B-cell,6143,1733,11022,3770,1059,7213
21,Fetal,HSC & B-cell,6030,1708,10855,3709,1041,7075
21,Adult,Mesench,5776,1633,10406,3522,976,6701
21,Adult,Myosat,4253,1229,7701,2600,744,5061
21,Adult,Epithelial,6236,1750,11224,3832,1076,7286
21,Adult,Neurosph,5479,1547,9909,3380,942,6421
21,Adult,Thymus,3418,906,6120,2197,620,4115
21,Fetal,Thymus,5821,1638,10564,3545,998,6814
21,Adult,Brain,6180,1740,11147,3806,1067,7235
21,Fetal,Brain,4233,1174,7471,2521,705,4821
21,Adult,Adipose,5316,1511,9756,3323,926,6329
21,Adult,Muscle,6097,1729,11007,3754,1057,7153
21,Fetal,Muscle,6076,1714,10985,3729,1051,7088
21,Fetal,Heart,5409,1548,9711,3287,918,6305
21,Adult,Heart,6142,1727,11006,3748,1054,7160
21,Adult,Sm. Muscle,5955,1690,10687,3691,1020,6952
21,Fetal,Digestive,6034,1698,10858,3690,1037,7045
21,Adult,Digestive,6235,1751,11227,3822,1074,7285
21,Adult,Ovary,4004,1135,7143,2469,695,4723
22,Adult, Unknown)",0,0,0,0,0,0
22,Adult,ESC,3941,1168,7005,2324,687,4558
22,Adult,iPSC,3928,1166,6949,2304,683,4492
22,Adult,ES-deriv,4093,1213,7258,2402,711,4673
22,Adult,Blood & T-cell,3929,1161,6966,2338,681,4557
22,Fetal,Blood & T-cell,2643,788,4694,1603,482,3136
22,Adult,HSC & B-cell,4090,1210,7256,2415,718,4699
22,Fetal,HSC & B-cell,4046,1188,7158,2365,710,4619
22,Adult,Mesench,3963,1175,7063,2337,707,4559
22,Adult,Myosat,3168,954,5699,1837,561,3577
22,Adult,Epithelial,4112,1219,7289,2418,720,4706
22,Adult,Neurosph,3847,1118,6732,2260,678,4367
22,Adult,Thymus,2831,856,5042,1633,491,3213
22,Fetal,Thymus,3931,1171,6993,2311,691,4563
22,Adult,Brain,4108,1219,7287,2415,719,4703
22,Fetal,Brain,2969,872,5317,1771,518,3392
22,Adult,Adipose,3821,1129,6719,2243,659,4359
22,Adult,Muscle,4084,1214,7244,2401,714,4681
22,Fetal,Muscle,4067,1206,7216,2353,709,4639
22,Fetal,Heart,3794,1124,6730,2217,651,4277
22,Adult,Heart,4063,1206,7205,2380,703,4624
22,Adult,Sm. Muscle,4033,1192,7146,2396,710,4644
22,Fetal,Digestive,4032,1204,7159,2364,703,4597
22,Adult,Digestive,4087,1211,7254,2404,713,4667
22,Adult,Ovary,2950,876,5175,1727,521,3406
23,Adult, Unknown)",0,0,0,0,0,0
23,Adult,ESC,1908,518,3281,1212,334,2138
23,Adult,iPSC,1911,514,3285,1218,334,2122
23,Adult,ES-deriv,1937,523,3333,1232,339,2159
23,Adult,Blood & T-cell,1930,520,3327,1226,339,2158
23,Fetal,Blood & T-cell,1691,449,2873,1096,299,1860
23,Adult,HSC & B-cell,1937,523,3339,1232,339,2162
23,Fetal,HSC & B-cell,1932,522,3331,1225,339,2158
23,Adult,Mesench,1922,512,3303,1217,335,2134
23,Adult,Myosat,1674,460,2894,1094,311,1900
23,Adult,Epithelial,1933,522,3337,1226,336,2159
23,Adult,Neurosph,1894,510,3263,1209,322,2101
23,Adult,Thymus,1653,450,2860,1048,290,1858
23,Fetal,Thymus,1935,520,3325,1225,339,2151
23,Adult,Brain,1931,522,3323,1229,339,2144
23,Fetal,Brain,1547,410,2662,923,257,1693
23,Adult,Adipose,1849,504,3182,1167,323,2051
23,Adult,Muscle,1935,523,3334,1229,339,2159
23,Fetal,Muscle,1926,523,3320,1214,335,2144
23,Fetal,Heart,1828,486,3165,1170,325,2041
23,Adult,Heart,1937,523,3337,1230,338,2160
23,Adult,Sm. Muscle,1925,522,3325,1220,337,2149
23,Fetal,Digestive,1926,520,3326,1227,337,2154
23,Adult,Digestive,1930,523,3338,1228,338,2157
23,Adult,Ovary,1560,430,2734,1039,273,1814
24,Adult, Unknown)",0,0,0,0,0,0
24,Adult,ESC,613,196,1052,389,108,653
24,Adult,iPSC,613,196,1052,389,108,653
24,Adult,ES-deriv,613,196,1052,389,108,653
24,Adult,Blood & T-cell,613,196,1052,389,108,653
24,Fetal,Blood & T-cell,613,196,1052,389,108,653
24,Adult,HSC & B-cell,613,196,1052,389,108,653
24,Fetal,HSC & B-cell,613,196,1052,389,108,653
24,Adult,Mesench,613,196,1052,389,108,653
24,Adult,Myosat,613,196,1052,389,108,653
24,Adult,Epithelial,613,196,1052,389,108,653
24,Adult,Neurosph,613,196,1052,389,108,653
24,Adult,Thymus,613,196,1052,389,108,653
24,Fetal,Thymus,613,196,1052,389,108,653
24,Adult,Brain,613,196,1052,389,108,653
24,Fetal,Brain,613,196,1052,389,108,653
24,Adult,Adipose,613,196,1052,389,108,653
24,Adult,Muscle,613,196,1052,389,108,653
24,Fetal,Muscle,613,196,1052,389,108,653
24,Fetal,Heart,613,196,1052,389,108,653
24,Adult,Heart,613,196,1052,389,108,653
24,Adult,Sm. Muscle,613,196,1052,389,108,653
24,Fetal,Digestive,613,196,1052,389,108,653
24,Adult,Digestive,613,196,1052,389,108,653
24,Adult,Ovary,613,196,1052,389,108,653
