0	15963028	950
19315442	19323931	900
19323931	19333644	950
19333644	19336460	900
19336460	19336714	950
19336714	19361229	900
19361229	19372451	850
19372451	19413047	900
19413047	19413412	850
19413412	19413452	900
19413452	19415932	850
19415932	19507577	900
19507577	19619383	950
19619383	19734187	900
19734187	19737540	850
19737540	19749196	900
19749196	19760536	850
19760536	19760760	800
19760760	19760845	850
19760845	19764336	800
19764336	19764924	850
19764924	19765474	800
19765474	19766453	850
19766453	19768286	800
19768286	19808839	850
19808839	19814888	800
19814888	19820546	750
19820546	19823899	700
19823899	19826405	650
19826405	19834039	600
19834039	19915722	550
19915722	19920173	500
19920173	19925333	550
19925333	19931265	600
19931265	19937054	650
19937054	19941967	700
19941967	19944838	750
19944838	19948569	800
19948569	19976703	850
19976703	19983930	800
19983930	19997486	750
19997486	20000449	800
20000449	20012336	850
20012336	20014881	800
20014881	20019763	850
20019763	20085655	900
20085655	20091285	950
20091285	20096650	900
20096650	20127270	950
20127270	20129676	900
20129676	20162783	950
20162783	20172451	900
20172451	20182109	850
20182109	20189094	900
20189094	20211650	950
20211650	20243938	900
20243938	20316717	950
20316717	20324870	900
20324870	20332119	950
20332119	20346380	900
20346380	20411735	950
20411735	20524567	900
20524567	20536171	850
20536171	20539011	800
20539011	20539556	750
20539556	20554263	800
20554263	20557950	750
20557950	20564633	800
20564633	20567585	850
20567585	20570656	800
20570656	20606919	850
20606919	20608941	800
20608941	20609879	750
20609879	20610367	700
20610367	20610608	650
20610608	20611923	600
20611923	20631640	550
20631640	20633850	600
20633850	20636248	650
20636248	20642964	700
20642964	20650902	750
20650902	20657855	800
20657855	20699715	850
20699715	20705431	800
20705431	20741556	750
20741556	20744760	700
20744760	20746409	650
20746409	20747246	600
20747246	20763871	550
20763871	20784274	500
20784274	20787706	550
20787706	20808673	500
20808673	20820182	550
20820182	20830913	600
20830913	20863888	550
20863888	20865461	600
20865461	20868591	550
20868591	20870902	500
20870902	20872420	450
20872420	20874012	400
20874012	20876587	350
20876587	20880285	300
20880285	20883313	250
20883313	20886419	200
20886419	20892646	150
20892646	20977893	100
20977893	20987609	150
20987609	20996012	200
20996012	21006017	250
21006017	21045677	300
21045677	21048913	350
21048913	21049724	400
21049724	21050807	450
21050807	21051862	500
21051862	21052923	550
21052923	21054274	600
21054274	21056385	650
21056385	21061893	700
21061893	21064153	750
21064153	21068798	800
21068798	21082655	850
21082655	21107389	900
21107389	21109072	850
21109072	21186917	900
21186917	21204207	850
21204207	21206266	800
21206266	21206882	850
21206882	21207125	800
21207125	21207523	850
21207523	21209339	800
21209339	21221136	850
21221136	21240983	900
21240983	21243627	850
21243627	21448313	900
21448313	21450175	950
21450175	21549999	900
21549999	21564312	950
21564312	21696884	900
21696884	21776889	850
21776889	21802974	900
21802974	21804876	850
21804876	21853013	900
21853013	21853887	850
21853887	21856000	900
21856000	21864708	850
21864708	21872179	800
21872179	21872450	750
21872450	21908105	800
21908105	21942772	750
21942772	21946909	800
21946909	21948138	750
21948138	21949668	800
21949668	21953036	750
21953036	21965982	800
21965982	22007365	750
22007365	22020831	800
22020831	22026936	850
22026936	22027415	800
22027415	22027875	850
22027875	22028053	800
22028053	22028637	850
22028637	22048965	800
22048965	22049920	750
22049920	22050407	700
22050407	22050563	650
22050563	22052695	600
22052695	22070558	550
22070558	22079452	600
22079452	22084017	650
22084017	22084703	700
22084703	22086763	750
22086763	22089789	800
22089789	22099534	850
22099534	22103035	800
22103035	22116049	750
22116049	22140500	800
22140500	22141122	750
22141122	22141378	800
22141378	22146088	750
22146088	22152893	800
22152893	22241261	850
22241261	22242057	800
22242057	22254452	850
22254452	22302543	800
22302543	22313934	750
22313934	22316375	800
22316375	22316659	850
22316659	22316858	800
22316858	22345583	850
22345583	22374889	800
22374889	22382386	750
22382386	22382416	700
22382416	22387443	750
22387443	22391244	700
22391244	22398968	650
22398968	22412697	600
22412697	22415749	550
22415749	22415887	500
22415887	22421535	550
22421535	22423492	500
22423492	22439370	450
22439370	22442566	400
22442566	22526936	350
22526936	22541241	400
22541241	22548469	450
22548469	22557866	500
22557866	22563414	550
22563414	22574688	600
22574688	22576969	650
22576969	22581318	700
22581318	22584716	650
22584716	22588044	600
22588044	22597392	550
22597392	22609822	500
22609822	22610029	450
22610029	22641619	500
22641619	22642188	550
22642188	22643618	600
22643618	22645928	650
22645928	22652440	700
22652440	22655161	750
22655161	22658691	700
22658691	22674811	750
22674811	22675704	800
22675704	22675956	750
22675956	22676861	800
22676861	22676970	750
22676970	22699905	800
22699905	22700377	750
22700377	22703426	800
22703426	22715291	750
22715291	22716813	800
22716813	22751800	750
22751800	22777214	700
22777214	22810150	650
22810150	22819277	600
22819277	22823796	650
22823796	22825693	600
22825693	22829917	650
22829917	22837435	600
22837435	22845167	550
22845167	22849426	500
22849426	22853648	450
22853648	22862800	500
22862800	22864835	450
22864835	22869670	500
22869670	22890453	550
22890453	22895407	600
22895407	22900190	550
22900190	22913341	600
22913341	22945856	650
22945856	22961596	600
22961596	22967009	650
22967009	22995753	700
22995753	23027867	650
23027867	23036484	700
23036484	23059964	750
23059964	23066599	700
23066599	23084791	650
23084791	23092434	600
23092434	23096449	550
23096449	23106790	500
23106790	23109884	550
23109884	23111319	600
23111319	23114093	650
23114093	23119031	700
23119031	23123791	750
23123791	23130947	800
23130947	23445373	850
23445373	23518193	800
23518193	23579533	750
23579533	23589850	700
23589850	23594083	650
23594083	23616467	600
23616467	23619806	550
23619806	23627758	500
23627758	23634751	450
23634751	23653916	400
23653916	23657735	350
23657735	23683070	300
23683070	23685355	350
23685355	23685825	400
23685825	23687396	450
23687396	23688338	400
23688338	23688948	350
23688948	23693651	300
23693651	23707899	250
23707899	23732555	200
23732555	23771622	250
23771622	23778451	200
23778451	23786145	250
23786145	23791677	300
23791677	23818913	350
23818913	23822947	400
23822947	23830534	350
23830534	23857278	300
23857278	23860247	350
23860247	23863596	400
23863596	23866813	450
23866813	23881005	400
23881005	23909250	450
23909250	23917728	400
23917728	23924767	450
23924767	23929578	500
23929578	23932575	550
23932575	23942399	600
23942399	23945773	550
23945773	23949366	950
23953247	23957754	450
23957754	23972245	500
23972245	23973508	550
23973508	24000663	600
24000663	24159296	650
24159296	24170310	700
24170310	24171424	650
24171424	24174432	700
24174432	24204423	750
24204423	24276625	800
24276625	24284760	850
24284760	24324865	800
24324865	24330732	850
24330732	24344454	800
24344454	24346843	750
24346843	24350720	700
24350720	24351026	650
24351026	24351110	700
24351110	24351417	650
24351417	24354693	700
24354693	24355335	650
24355335	24362514	700
24362514	24363623	750
24363623	24363645	700
24363645	24405037	750
24405037	24407868	800
24407868	24409556	750
24409556	24435017	800
24435017	24438890	850
24438890	24440621	800
24440621	24443594	850
24443594	24470261	800
24470261	24502477	850
24502477	24523504	800
24523504	24526341	750
24526341	24585174	800
24585174	24591392	750
24591392	24634950	800
24634950	24652077	850
24652077	24726389	900
24726389	24772259	850
24772259	24885782	900
24885782	24930868	850
24930868	24949670	900
24949670	24960337	850
24960337	24974832	900
24974832	24982878	850
24982878	24986069	900
24986069	24987967	950
24987967	24988367	900
24988367	24995211	950
24995211	25016009	900
25016009	25042478	850
25042478	25056911	900
25056911	25058703	850
25058703	25059511	900
25059511	25061827	850
25061827	25065291	900
25065291	25068867	950
25068867	25071434	900
25071434	25075703	950
25075703	25085414	900
25085414	25087667	850
25087667	25094465	900
25094465	25098429	850
25098429	25131233	900
25131233	25160060	950
25160060	25172973	900
25172973	25173796	850
25173796	25178804	900
25178804	25180658	950
25180658	25185221	900
25185221	25191887	950
25191887	25196508	900
25196508	25215575	950
25215575	25216631	900
25216631	25221911	950
25221911	25223663	900
25223663	25235874	950
25235874	25236795	900
25236795	25240085	950
25240085	25242221	900
25242221	25259666	950
25259666	25290405	900
25290405	25294672	850
25294672	25301259	800
25301259	25310105	850
25310105	25332306	900
25332306	25358107	850
25358107	25361936	900
25361936	25364885	950
25364885	25369849	900
25369849	25372281	850
25372281	25376120	800
25376120	25388578	850
25388578	25395381	900
25395381	25423613	950
25423613	25446889	900
25446889	25450616	850
25450616	25451012	900
25451012	25467707	950
25467707	25481401	900
25481401	25484986	850
25484986	25500543	900
25500543	25510676	950
25510676	25526392	900
25526392	25527771	850
25527771	25535910	900
25535910	25547952	950
25547952	25549670	900
25549670	25552114	950
25552114	25567370	900
25567370	25575310	850
25575310	25588595	800
25588595	25597259	850
25597259	25598579	900
25598579	25600216	950
25600216	25600676	900
25600676	25612790	950
25612790	25614236	900
25614236	25615887	950
25615887	25619574	900
25619574	25651953	950
25651953	25655132	900
25655132	25661161	950
25661161	25665159	900
25665159	25669292	950
25669292	25669759	900
25669759	25671581	950
25671581	25675719	900
25675719	25689159	950
25689159	25690614	900
25690614	25709515	950
25709515	25715067	900
25715067	25719719	850
25719719	25729788	900
25729788	25733946	950
25733946	25741499	900
25741499	25769628	950
25769628	25778801	900
25778801	25787698	950
25787698	25789964	900
25789964	25799717	950
25799717	25805818	900
25805818	25810399	950
25810399	25812203	900
25812203	25816050	950
25816050	25818456	900
25818456	25832972	950
25832972	25862019	900
25862019	25868643	850
25868643	25873264	900
25873264	25882058	850
25882058	25899715	900
25899715	25900962	850
25900962	25918910	900
25918910	25924499	850
25924499	25927893	900
25927893	25943126	850
25943126	25946661	900
25946661	25958378	850
25958378	25981968	900
25981968	25984046	850
25984046	25985138	800
25985138	25988013	750
25988013	25988954	800
25988954	25991736	750
25991736	26001754	700
26001754	26136811	650
26136811	26142238	700
26142238	26162760	750
26162760	26193570	800
26193570	26202253	850
26202253	26204471	800
26204471	26262986	850
26262986	26342408	900
26342408	26346082	950
26346082	26349804	900
26349804	26355574	950
26355574	26367154	900
26367154	26373601	850
26373601	26399451	800
26399451	26410327	750
26410327	26413731	700
26413731	26438165	750
26438165	26481281	800
26481281	26487334	850
26487334	26507391	800
26507391	26517609	850
26517609	26525829	900
26525829	26526950	950
26526950	26527438	900
26527438	26544631	950
26544631	26553830	900
26553830	26569493	950
26569493	26578439	900
26578439	26593152	850
26593152	26598461	900
26598461	26615307	950
26615307	26616766	900
26616766	26668188	950
26668188	26669097	900
26669097	26716422	950
26716422	26734193	900
26734193	26737242	950
26737242	26743307	900
26743307	26761258	950
26761258	26763792	900
26763792	26858880	950
26858880	26859964	900
26859964	26869421	950
26869421	26963788	900
26963788	26972386	950
26972386	27167229	900
27167229	27179598	850
27179598	27191833	900
27191833	27192972	850
27192972	27222020	900
27222020	27224718	950
27224718	27294656	900
27294656	27331373	950
27331373	27468214	900
27468214	27471141	850
27471141	27506847	900
27506847	27518040	950
27518040	27527987	900
27527987	27606464	950
27606464	27607949	900
27607949	27664055	850
27664055	27681579	800
27681579	27681996	850
27681996	27705579	900
27705579	27818486	950
27818486	27818957	900
27818957	27842926	950
27842926	27843938	900
27843938	27857006	950
27857006	27864625	900
27864625	27887554	950
27887554	27893068	900
27893068	27940135	950
27940135	27953034	900
27953034	28013529	950
28013529	28022930	900
28022930	28106543	950
28106543	28109389	900
28109389	28110902	950
28110902	28117641	900
28117641	28125975	950
28125975	28136979	900
28136979	28141872	950
28141872	28169273	900
28169273	28187715	950
28187715	28202275	900
28202275	28259753	950
28259753	28267651	900
28267651	28270139	950
28270139	28287173	900
28287173	28292187	850
28292187	28300467	800
28300467	28306979	850
28306979	28320017	800
28320017	28330284	850
28330284	28334784	900
28334784	28335583	850
28335583	28354146	900
28354146	28365307	850
28365307	28373805	800
28373805	28379723	750
28379723	28387672	700
28387672	28394518	650
28394518	28437220	600
28437220	28505352	650
28505352	28513232	700
28513232	28524770	750
28524770	28531360	800
28531360	28558271	850
28558271	28568162	900
28568162	28570275	850
28570275	28576389	900
28576389	28580977	850
28580977	28585951	800
28585951	28601875	850
28601875	28618844	900
28618844	28644826	850
28644826	28682241	900
28682241	28686377	850
28686377	28723686	900
28723686	28729472	850
28729472	28743612	900
28743612	28745795	850
28745795	28751773	900
28751773	28754893	850
28754893	28760389	800
28760389	28765487	850
28765487	28770011	900
28770011	28772831	850
28772831	28803003	900
28803003	28809579	850
28809579	28841716	800
28841716	28847615	850
28847615	28870190	900
28870190	28879439	850
28879439	28888036	800
28888036	28891673	750
28891673	28895366	700
28895366	28899536	750
28899536	28905418	800
28905418	28910805	850
28910805	28922439	800
28922439	28923128	850
28923128	28925104	900
28925104	28926314	950
28926314	28933706	900
28933706	28964366	950
28964366	28965029	900
28965029	28991380	950
28991380	28993849	900
28993849	28995926	950
28995926	29004748	900
29004748	29024687	950
29024687	29032903	900
29032903	29056544	950
29056544	29057581	900
29057581	29064672	950
29064672	29092447	900
29092447	29101651	850
29101651	29136504	800
29136504	29185843	750
29185843	29186356	700
29186356	29188730	750
29188730	29211485	700
29211485	29212586	750
29212586	29214575	700
29214575	29218133	750
29218133	29218365	700
29218365	29243667	750
29243667	29252255	800
29252255	29258954	850
29258954	29263704	900
29263704	29275541	850
29275541	29283487	800
29283487	29299219	850
29299219	29329079	900
29329079	29339665	850
29339665	29340867	900
29340867	29345535	850
29345535	29356582	900
29356582	29360437	850
29360437	29363909	800
29363909	29370078	850
29370078	29373785	900
29373785	29375119	950
29375119	29406613	900
29406613	29411693	850
29411693	29434266	900
29434266	29437112	950
29437112	29440186	900
29440186	29532415	950
29532415	29539774	900
29539774	29562215	850
29562215	29572290	900
29572290	29577941	850
29577941	29585531	900
29585531	29602431	950
29602431	29604329	900
29604329	29647930	950
29647930	29649737	900
29649737	29650553	950
29650553	29669721	900
29669721	29674554	850
29674554	29679490	900
29679490	29689580	950
29689580	29726288	900
29726288	29731311	950
29731311	29736280	900
29736280	29743161	950
29743161	29750834	900
29750834	29754129	850
29754129	29756620	900
29756620	29761137	950
29761137	29762145	900
29762145	29781178	850
29781178	29790115	800
29790115	29802807	850
29802807	29815846	800
29815846	29844699	850
29844699	29851571	900
29851571	29855707	950
29855707	29863125	900
29863125	29866409	950
29866409	29879020	900
29879020	29888230	950
29888230	29889150	900
29889150	29893100	950
29893100	29893774	900
29893774	29895599	950
29895599	29897043	900
29897043	29899031	950
29899031	29909802	900
29909802	29921860	850
29921860	29958835	900
29958835	29979965	850
29979965	30042021	800
30042021	30048499	850
30048499	30057535	900
30057535	30061424	850
30061424	30061552	900
30061552	30064531	850
30064531	30069524	800
30069524	30080486	750
30080486	30090196	700
30090196	30098503	650
30098503	30110470	600
30110470	30244190	550
30244190	30268191	600
30268191	30274782	650
30274782	30276643	700
30276643	30279892	750
30279892	30300434	800
30300434	30414732	850
30414732	30418313	800
30418313	30421261	750
30421261	30422630	700
30422630	30423464	650
30423464	30427817	600
30427817	30430928	550
30430928	30432522	500
30432522	30449414	450
30449414	30457002	400
30457002	30466798	450
30466798	30481931	400
30481931	30573337	450
30573337	30594389	500
30594389	30621538	450
30621538	30627623	400
30627623	30631998	350
30631998	30637423	300
30637423	30702089	250
30702089	30729422	300
30729422	30746480	350
30746480	30750183	400
30750183	30752129	450
30752129	30754307	500
30754307	30758789	550
30758789	30768644	600
30768644	30769235	550
30769235	30771039	600
30771039	30816398	550
30816398	30822793	500
30822793	30840186	450
30840186	30930966	400
30930966	30949067	450
30949067	30966365	500
30966365	31009590	550
31009590	31021273	600
31021273	31025429	650
31025429	31078111	700
31078111	31096163	750
31096163	31270254	700
31270254	31386569	750
31386569	31387325	700
31387325	31405942	750
31405942	31440423	800
31440423	31505040	850
31505040	31509294	800
31509294	31529968	850
31529968	31530202	800
31530202	31557723	850
31557723	31558794	800
31558794	31563582	850
31563582	31564739	800
31564739	31569546	850
31569546	31597832	800
31597832	31611736	750
31611736	31621414	700
31621414	31626028	650
31626028	31628588	600
31628588	31630088	550
31630088	31633068	500
31633068	31636652	550
31636652	31676865	600
31676865	31690832	550
31690832	31697785	500
31697785	31702208	550
31702208	31710783	600
31710783	31727704	650
31727704	31761828	700
31761828	31777555	750
31777555	31788401	800
31788401	31796480	750
31796480	31848512	800
31848512	31866807	850
31866807	31875723	800
31875723	31904476	850
31904476	31946171	900
31946171	31946999	850
31946999	31971024	900
31971024	31973946	850
31973946	32051344	900
32051344	32051980	850
32051980	32070973	900
32070973	32074123	850
32074123	32082561	800
32082561	32084902	750
32084902	32085231	700
32085231	32087570	750
32087570	32099947	800
32099947	32104190	850
32104190	32110873	900
32110873	32115753	850
32115753	32128487	800
32128487	32135368	750
32135368	32137955	800
32137955	32139831	750
32139831	32139956	800
32139956	32140118	750
32140118	32143928	800
32143928	32144199	850
32144199	32154436	800
32154436	32159397	850
32159397	32163678	800
32163678	32163837	750
32163837	32181471	800
32181471	32181850	750
32181850	32183877	800
32183877	32185989	750
32185989	32190307	800
32190307	32218673	850
32218673	32220076	800
32220076	32227082	850
32227082	32242286	800
32242286	32244142	850
32244142	32247887	900
32247887	32256464	850
32256464	32263053	800
32263053	32270692	750
32270692	32275379	800
32275379	32278739	850
32278739	32297735	900
32297735	32303971	850
32303971	32308677	900
32308677	32313027	850
32313027	32324741	900
32324741	32327399	850
32327399	32333094	800
32333094	32347410	750
32347410	32356420	700
32356420	32359465	650
32359465	32361122	600
32361122	32363510	550
32363510	32372221	600
32372221	32374474	650
32374474	32375671	700
32375671	32377398	750
32377398	32380291	800
32380291	32397655	850
32397655	32400893	800
32400893	32406046	850
32406046	32408245	800
32408245	32428916	850
32428916	32470155	900
32470155	32471456	850
32471456	32473984	900
32473984	32477421	850
32477421	32478381	900
32478381	32484508	850
32484508	32485734	900
32485734	32489726	850
32489726	32505646	900
32505646	32515121	950
32515121	32518284	900
32518284	32521696	850
32521696	32523368	900
32523368	32526974	850
32526974	32541717	900
32541717	32542713	850
32542713	32553408	900
32553408	32565724	950
32565724	32566640	900
32566640	32577908	850
32577908	32579632	800
32579632	32580993	850
32580993	32582795	800
32582795	32591204	850
32591204	32596249	800
32596249	32598453	850
32598453	32598946	900
32598946	32615181	950
32615181	32637281	900
32637281	32640096	950
32640096	32654590	900
32654590	32657014	950
32657014	32658520	900
32658520	32679457	950
32679457	32680070	900
32680070	32694857	950
32694857	32696389	900
32696389	32701363	950
32701363	32723991	900
32723991	32737472	850
32737472	32742131	900
32742131	32746082	850
32746082	32749025	800
32749025	32755902	850
32755902	32757243	900
32757243	32758252	850
32758252	32766471	900
32766471	32768159	950
32768159	32769387	900
32769387	32772213	950
32772213	32775721	900
32775721	32778362	850
32778362	32781260	800
32781260	32791935	850
32791935	32811727	900
32811727	32818481	950
32818481	32844059	900
32844059	32851653	850
32851653	32856585	900
32856585	32858940	950
32858940	32861006	900
32861006	32861845	950
32861845	32863976	900
32863976	32869170	950
32869170	32872356	900
32872356	32877586	950
32877586	32879235	900
32879235	32879895	950
32879895	32882964	900
32882964	32884183	950
32884183	32884997	900
32884997	32888018	950
32888018	32890345	900
32890345	32895163	950
32895163	32896555	900
32896555	32913870	950
32913870	32915298	900
32915298	32932991	950
32932991	32936909	900
32936909	32937906	850
32937906	32959386	900
32959386	32959684	850
32959684	32977307	900
32977307	32994807	950
32994807	32995659	900
32995659	33046905	950
33046905	33047706	900
33047706	33048186	950
33048186	33062097	900
33062097	33068188	950
33068188	33069913	900
33069913	33073002	950
33073002	33077878	900
33077878	33078703	950
33078703	33080554	900
33080554	33089574	950
33089574	33090465	900
33090465	33091795	950
33091795	33096292	900
33096292	33097563	950
33097563	33100949	900
33100949	33125500	950
33125500	33137940	900
33137940	33138921	850
33138921	33143828	900
33143828	33146527	950
33146527	33152483	900
33152483	33155560	950
33155560	33156339	900
33156339	33157498	950
33157498	33158298	900
33158298	33172301	850
33172301	33177133	900
33177133	33180379	950
33180379	33188648	900
33188648	33194428	850
33194428	33196619	900
33196619	33202193	850
33202193	33205038	900
33205038	33213042	850
33213042	33216994	800
33216994	33223167	850
33223167	33233612	900
33233612	33240633	950
33240633	33255814	900
33255814	33258663	950
33258663	33260304	900
33260304	33260811	950
33260811	33261802	900
33261802	33270625	950
33270625	33281331	900
33281331	33284406	950
33284406	33285242	900
33285242	33287210	950
33287210	33287709	900
33287709	33288665	950
33288665	33293049	900
33293049	33296711	950
33296711	33298518	900
33298518	33298697	950
33298697	33311730	900
33311730	33312275	850
33312275	33313462	900
33313462	33314905	850
33314905	33315360	900
33315360	33318330	850
33318330	33318812	900
33318812	33322590	850
33322590	33325560	900
33325560	33338170	850
33338170	33342006	800
33342006	33344447	850
33344447	33373701	900
33373701	33376788	950
33376788	33379145	900
33379145	33381305	950
33381305	33382516	900
33382516	33390401	950
33390401	33403433	900
33403433	33420668	950
33420668	33460075	900
33460075	33463562	850
33463562	33465032	800
33465032	33472841	850
33472841	33486094	900
33486094	33486355	850
33486355	33486465	900
33486465	33492060	850
33492060	33507640	900
33507640	33573162	950
33573162	33578023	900
33578023	33651994	950
33651994	33652911	900
33652911	33705083	950
33705083	33731053	900
33731053	33739427	950
33739427	33740163	900
33740163	33740676	950
33740676	33742866	900
33742866	33751359	950
33751359	33753128	900
33753128	33754307	950
33754307	33754820	900
33754820	33787091	950
33787091	33794728	900
33794728	33797747	950
33797747	33820419	900
33820419	33848222	950
33848222	33849516	900
33849516	33880874	950
33880874	33914452	900
33914452	33933478	850
33933478	33964004	800
33964004	33982847	750
33982847	34004505	800
34004505	34018218	850
34018218	34039451	800
34039451	34053151	750
34053151	34060213	700
34060213	34159540	650
34159540	34179304	700
34179304	34216824	750
34216824	34217261	700
34217261	34222128	750
34222128	34226752	700
34226752	34230577	650
34230577	34243872	600
34243872	34249148	550
34249148	34253237	500
34253237	34256207	550
34256207	34261448	600
34261448	34279897	650
34279897	34280971	700
34280971	34282105	650
34282105	34282604	600
34282604	34282878	550
34282878	34283027	500
34283027	34291452	450
34291452	34349197	400
34349197	34397591	450
34397591	34399363	500
34399363	34400000	450
34400000	34425351	500
34425351	34448362	550
34448362	34470099	500
34470099	34493982	450
34493982	34576821	400
34576821	34582717	450
34582717	34622526	400
34622526	34630334	450
34630334	34649093	400
34649093	34680213	450
34680213	34702257	500
34702257	34782678	550
34782678	34789757	500
34789757	34817400	550
34817400	34833493	500
34833493	34870051	550
34870051	34885341	600
34885341	34910774	650
34910774	34922381	700
34922381	34938704	750
34938704	34945094	700
34945094	34957082	750
34957082	34969670	700
34969670	34976879	650
34976879	34980972	600
34980972	34991426	650
34991426	35007608	600
35007608	35012452	550
35012452	35012459	600
35012459	35013060	550
35013060	35039662	600
35039662	35059550	550
35059550	35062912	500
35062912	35063847	450
35063847	35064428	400
35064428	35064820	350
35064820	35065075	300
35065075	35078448	250
35078448	35105983	200
35105983	35107835	250
35107835	35177140	200
35177140	35343366	150
35343366	35348699	200
35348699	35368639	250
35368639	35411685	300
35411685	35411833	350
35411833	35412055	400
35412055	35412398	450
35412398	35412837	500
35412837	35413484	550
35413484	35414375	600
35414375	35415615	650
35415615	35417767	700
35417767	35457266	750
35457266	35473360	800
35473360	35483200	750
35483200	35487661	800
35487661	35490338	750
35490338	35498224	800
35498224	35527588	850
35527588	35529907	900
35529907	35546438	850
35546438	35548302	900
35548302	35549346	850
35549346	35555972	900
35555972	35559091	850
35559091	35560817	800
35560817	35567878	850
35567878	35579871	900
35579871	35595074	850
35595074	35598866	900
35598866	35605982	850
35605982	35609878	800
35609878	35618753	850
35618753	35643715	800
35643715	35650858	750
35650858	35654550	700
35654550	35670259	750
35670259	35677650	800
35677650	35696207	850
35696207	35705637	800
35705637	35710658	750
35710658	35717390	800
35717390	35751376	850
35751376	35755896	900
35755896	35770557	850
35770557	35775205	900
35775205	35780830	850
35780830	35794174	900
35794174	35797618	850
35797618	35803081	900
35803081	35804908	850
35804908	35807876	800
35807876	35808848	750
35808848	35811004	800
35811004	35814814	750
35814814	35818178	700
35818178	35825116	650
35825116	35840045	700
35840045	35858522	650
35858522	35861514	700
35861514	35866225	750
35866225	35875235	800
35875235	35877309	750
35877309	35879091	800
35879091	35882017	750
35882017	35913996	700
35913996	35940745	750
35940745	35940848	800
35940848	35942471	850
35942471	35957013	900
35957013	35962576	850
35962576	35977496	800
35977496	35983187	750
35983187	35990672	800
35990672	35994527	750
35994527	36002859	800
36002859	36004360	750
36004360	36008677	800
36008677	36023646	850
36023646	36026532	800
36026532	36028150	850
36028150	36035996	800
36035996	36057609	750
36057609	36057988	800
36057988	36060114	750
36060114	36093315	800
36093315	36097778	750
36097778	36106980	800
36106980	36115915	750
36115915	36122646	700
36122646	36128231	650
36128231	36135458	700
36135458	36144569	750
36144569	36167025	800
36167025	36189923	750
36189923	36191213	700
36191213	36202624	750
36202624	36204608	700
36204608	36210194	750
36210194	36210739	800
36210739	36213448	850
36213448	36214292	800
36214292	36220843	750
36220843	36221205	800
36221205	36221263	750
36221263	36223040	800
36223040	36223801	750
36223801	36223933	800
36223933	36224166	750
36224166	36226994	800
36226994	36238308	850
36238308	36242021	800
36242021	36246817	850
36246817	36249589	900
36249589	36251242	850
36251242	36258009	900
36258009	36262974	850
36262974	36264112	800
36264112	36264974	850
36264974	36269717	800
36269717	36275451	850
36275451	36280292	900
36280292	36284046	850
36284046	36284963	900
36284963	36291009	850
36291009	36298023	900
36298023	36308472	850
36308472	36321219	800
36321219	36325498	750
36325498	36338001	700
36338001	36344365	750
36344365	36348723	800
36348723	36348796	850
36348796	36361317	900
36361317	36372671	850
36372671	36438822	900
36438822	36440597	850
36440597	36443280	900
36443280	36445958	850
36445958	36448282	900
36448282	36460557	850
36460557	36465176	900
36465176	36482440	850
36482440	36484987	900
36484987	36487311	850
36487311	36507452	900
36507452	36514013	850
36514013	36516962	900
36516962	36518837	850
36518837	36520981	800
36520981	36527998	750
36527998	36533896	700
36533896	36548746	750
36548746	36551485	800
36551485	36551927	750
36551927	36555396	800
36555396	36558277	750
36558277	36573000	700
36573000	36577289	650
36577289	36583951	700
36583951	36586881	650
36586881	36595253	700
36595253	36629300	650
36629300	36630049	600
36630049	36647106	650
36647106	36663163	600
36663163	36663966	650
36663966	36666198	600
36666198	36776965	650
36776965	36789646	600
36789646	36805324	550
36805324	36871826	600
36871826	37010461	550
37010461	37082932	600
37082932	37107060	550
37107060	37128093	600
37128093	37129590	550
37129590	37136283	600
37136283	37145312	650
37145312	37178546	700
37178546	37178831	650
37178831	37179643	700
37179643	37193487	650
37193487	37252126	700
37252126	37259395	750
37259395	37285468	800
37285468	37290444	750
37290444	37329157	800
37329157	37331655	750
37331655	37339372	800
37339372	37351510	750
37351510	37363312	800
37363312	37393201	750
37393201	37393624	800
37393624	37395446	750
37395446	37395857	800
37395857	37395957	750
37395957	37413962	800
37413962	37438578	750
37438578	37444479	700
37444479	37469202	750
37469202	37517306	800
37517306	37556895	850
37556895	37561421	900
37561421	37563691	850
37563691	37569913	900
37569913	37571482	850
37571482	37573948	900
37573948	37608178	850
37608178	37618440	800
37618440	37629039	850
37629039	37647017	900
37647017	37649684	850
37649684	37664225	900
37664225	37666837	850
37666837	37670444	900
37670444	37675362	850
37675362	37702309	800
37702309	37704410	850
37704410	37721169	900
37721169	37722734	850
37722734	37724661	900
37724661	37725419	850
37725419	37732529	900
37732529	37739509	850
37739509	37743355	800
37743355	37743734	750
37743734	37745037	800
37745037	37747965	750
37747965	37752924	700
37752924	37769960	750
37769960	37771298	800
37771298	37772979	750
37772979	37776711	800
37776711	37779419	850
37779419	37791070	900
37791070	37792568	850
37792568	37792767	800
37792767	37797121	750
37797121	37806466	800
37806466	38071812	850
38071812	38092908	800
38092908	38103955	850
38103955	38111527	800
38111527	38152078	850
38152078	38155178	800
38155178	38169929	850
38169929	38276355	800
38276355	38359978	750
38359978	38380542	800
38380542	38405878	750
38405878	38413605	700
38413605	38420515	750
38420515	38422433	700
38422433	38422809	750
38422809	38423029	700
38423029	38440071	750
38440071	38442886	700
38442886	38444323	650
38444323	38478135	600
38478135	38492874	550
38492874	38506216	500
38506216	38513712	550
38513712	38552037	500
38552037	38562118	450
38562118	38676520	400
38676520	38726839	350
38726839	38740140	400
38740140	38746073	450
38746073	38765840	500
38765840	38827984	450
38827984	38889626	400
38889626	38977834	450
38977834	39018090	500
39018090	39023189	550
39023189	39023808	500
39023808	39028547	550
39028547	39029210	500
39029210	39047621	550
39047621	39137958	600
39137958	39147107	650
39147107	39150572	700
39150572	39150971	650
39150971	39151146	700
39151146	39156938	650
39156938	39185434	700
39185434	39186109	750
39186109	39187235	700
39187235	39191412	750
39191412	39205371	700
39205371	39208239	750
39208239	39220015	700
39220015	39232476	850
39223400	39232452	700
39232452	39234623	750
39234623	39256479	700
39256479	39257956	750
39257956	39306413	800
39306413	39307208	850
39307208	39309147	800
39309147	39310202	850
39310202	39313059	800
39313059	39349250	850
39349250	39355830	800
39355830	39387975	850
39387975	39398873	800
39398873	39401523	850
39401523	39403799	900
39403799	39404122	850
39404122	39486242	900
39486242	39537606	850
39537606	39538329	900
39538329	39539322	850
39539322	39567047	900
39567047	39569574	850
39569574	39576749	900
39576749	39589548	850
39589548	40102549	900
40102549	40125339	850
40125339	40685968	900
40685968	40698910	950
40698910	40701569	900
40701569	40705855	950
40705855	41012389	900
40719564	41980871	0
41012389	41050627	850
41050627	41088131	800
41088131	41101831	850
41101831	41145145	800
41145145	41150377	750
41150377	41200483	800
41200483	41386533	850
41386533	41405930	800
41405930	41411043	750
41411043	41415778	700
41415778	41424270	650
41424270	41435115	600
41435115	41455173	650
41455173	41482042	700
41482042	41516227	750
41516227	41576683	800
41576683	41765862	850
41765862	41768695	900
41768695	41769942	850
41769942	42063461	900
42063461	42098774	850
42098774	42132089	900
42132089	42163890	950
42163890	42165921	900
42165921	42454301	950
42454301	42465468	900
42465468	42520463	950
42520463	42521073	900
42521073	42579826	950
42579826	42583320	900
42583320	42657385	950
42657385	42676609	900
42676609	42762284	950
42762284	42779948	900
42779948	42860236	950
42860236	42864691	900
42864691	42956505	950
42956505	42962695	900
42962695	43044490	950
43044490	43046187	900
43046187	43061905	950
43061905	43068018	900
43068018	43095612	950
43095612	43103905	900
43103905	43155870	950
43155870	43165076	900
43165076	43230739	950
43230739	43233602	900
43233602	43259158	950
43259158	43266277	900
43266277	43293038	950
43293038	43297337	900
43297337	43315539	950
43315539	43320515	900
43320515	43334450	950
43334450	43337817	900
43337817	43373985	950
43373985	43612496	900
43612496	43613029	950
43613029	43702807	900
43702807	43712069	850
43712069	43763920	900
43763920	43769983	850
43769983	43794173	900
43794173	43860732	850
43860732	43867362	900
43867362	43945213	850
43945213	43946239	900
43946239	43962916	850
43962916	43970040	800
43970040	43970477	850
43970477	44007877	800
44007877	44012902	750
44012902	44034566	800
44034566	44114341	750
44114341	44127350	800
44127350	44141386	850
44141386	44142627	800
44142627	44145535	850
44145535	44161181	800
44161181	44161783	850
44161783	44187855	800
44187855	44206747	750
44206747	44266313	800
44266313	44272793	850
44272793	44273305	800
44273305	44273558	850
44273558	44287445	800
44287445	44316772	750
44316772	44319402	800
44319402	44322656	750
44322656	44324654	700
44324654	44326391	650
44326391	44328246	600
44328246	44329827	550
44329827	44349595	500
44349595	44353994	450
44353994	44357255	400
44357255	44369699	350
44369699	44414548	300
44414548	44433854	250
44433854	44474062	200
44474062	44525854	250
44525854	44622015	200
44622015	44628430	250
44628430	44681930	200
44681930	44682655	250
44682655	44684634	300
44684634	44685182	350
44685182	44791977	300
44791977	44800344	350
44800344	44804484	400
44804484	44804980	450
44804980	44805656	500
44805656	44806552	550
44806552	44807733	600
44807733	44809291	650
44809291	44811625	700
44811625	44815003	750
44815003	44835034	800
44835034	44846057	750
44846057	44870388	800
44870388	44898858	750
44898858	44907975	800
44907975	44909114	850
44909114	44909917	800
44909917	44911920	850
44911920	45054791	800
45054791	45129567	850
45129567	45145635	800
45145635	45214584	850
45214584	45250734	800
45250734	45254125	850
45254125	45279251	800
45279251	45369077	850
45369077	45385739	900
45385739	45386427	850
45386427	45407665	900
45407665	45432618	850
45432618	45441772	900
45441772	45573446	850
45573446	45601188	900
45601188	45624429	850
45624429	45634707	900
45634707	45813657	850
45813657	45827980	900
45827980	46119939	850
46119939	46216603	800
46216603	46224996	850
46224996	46229078	800
46229078	46255606	850
46255606	46261905	800
46261905	46308255	850
46308255	46342089	800
46342089	46362649	750
46362649	46372338	700
46372338	46376319	650
46376319	46378810	600
46378810	46378816	650
46378816	46379227	600
46379227	46379290	650
46379290	46379361	600
46379361	46383187	650
46383187	46429379	700
46429379	46466777	750
46466777	46484379	800
46484379	46526800	850
46526800	46529497	900
46529497	46579847	850
46579847	46605975	800
46605975	46842235	850
46842235	46845011	800
46845011	46891403	850
46891403	46920764	900
46920764	46933164	850
46933164	46941447	900
46941447	46954705	850
46954705	46956576	900
46956576	47006958	850
47006958	47059982	800
47059982	47063639	750
47063639	47086850	800
47086850	47130242	850
47130242	47445822	900
47445822	47498600	950
47498600	47500201	900
47500201	47516998	950
47516998	47545654	900
47545654	47552196	950
47552196	47556854	900
47556854	47624991	950
47624991	47633067	900
47633067	47754609	950
47754609	47770899	900
47770899	47816534	950
47816534	47913806	900
47913806	47927427	950
47927427	47948206	900
47948206	48076259	950
48076259	48076517	900
48076517	48094195	950
48094195	48271774	900
48271774	48279248	950
48279248	48407696	900
48407696	48410528	850
48410528	48413608	900
48413608	48414268	850
48414268	48483316	900
48483316	48500394	850
48500394	48514150	800
48514150	48541283	850
48541283	48549325	900
48549325	48580183	850
48580183	48584187	800
48584187	48585734	850
48585734	48600636	800
48600636	48650903	850
48650903	48651003	900
48651003	48653891	850
48653891	48656821	800
48656821	48683070	750
48683070	48706127	800
48706127	48725690	850
48725690	48728196	800
48728196	48735429	850
48735429	48771474	800
48771474	48780094	850
48780094	48815858	800
48815858	48829148	750
48829148	48833439	800
48833439	48900179	850
48900179	48901126	800
48901126	48935192	850
48935192	48946131	800
48946131	48947545	750
48947545	48956616	800
48956616	48961464	750
48961464	48964299	700
48964299	48978570	750
48978570	49025889	800
49025889	49029529	750
49029529	49052838	700
49052838	49053917	650
49053917	49054368	700
49054368	49054665	650
49054665	49055682	700
49055682	49073915	650
49073915	49078844	600
49078844	49082173	550
49082173	49100615	500
49100615	49135970	450
49135970	49173871	400
49173871	49182973	450
49182973	49201206	400
49201206	49230158	450
49230158	49233974	500
49233974	49301413	450
49301413	49400530	400
49400530	49413993	450
49413993	49422279	500
49422279	49433904	550
49433904	49436703	600
49436703	49442343	650
49442343	49452460	700
49452460	49463580	750
49463580	49476066	800
49476066	49485070	750
49485070	49486527	800
49486527	49487985	750
49487985	49499072	800
49499072	49499770	750
49499770	49535883	800
49535883	49543414	750
49543414	49582310	800
49582310	49586827	750
49586827	49589560	700
49589560	49591676	650
49591676	49599975	600
49599975	49605382	550
49605382	49609879	500
49609879	49621711	450
49621711	49640623	400
49640623	49715879	350
49715879	49873222	400
49873222	49876606	450
49876606	49878065	500
49878065	49898420	550
49898420	49940328	600
49940328	49943399	550
49943399	49944925	500
49944925	49947235	450
49947235	49954420	400
49954420	50042279	350
50042279	50194638	400
50194638	50235145	450
50235145	50245721	500
50245721	50254873	450
50254873	50280608	400
50280608	50299119	450
50299119	50299659	500
50299659	50299688	450
50299688	50316526	500
50316526	50325983	550
50325983	50332322	600
50332322	50335609	650
50335609	50380695	700
50380695	50403335	750
50403335	50420628	800
50420628	50434723	750
50434723	50439523	700
50439523	50445289	650
50445289	50456429	600
50456429	50467674	650
50467674	50480036	700
50480036	50481074	750
50481074	50486929	800
50486929	50497447	750
50497447	50508381	700
50508381	50511882	650
50511882	50514025	600
50514025	50516086	650
50516086	50516252	600
50516252	50516481	650
50516481	50522654	600
50522654	50526990	650
50526990	50527991	600
50527991	50548010	650
50548010	50558546	700
50558546	50561691	750
50561691	50590910	800
50590910	50608908	850
50608908	50627162	800
50627162	50634091	750
50634091	50672492	800
50672492	50689091	750
50689091	50701964	800
50701964	50778738	750
50778738	50789516	700
50789516	50817849	750
50817849	50818663	800
50818663	50818693	750
50818693	50819086	800
50819086	50819492	750
50819492	50839620	800
50839620	50841317	850
50841317	50874288	800
50874288	50893660	850
50893660	50894360	800
50894360	50916168	850
50916168	50918920	900
50918920	50919503	850
50919503	50920662	900
50920662	50922058	850
50922058	50930772	900
50930772	50931280	850
50931280	50931829	900
50931829	50933022	850
50933022	50934700	900
50934700	50940399	850
50940399	50959301	900
50959301	50999826	850
50999826	51007946	900
51007946	51012986	850
51012986	51016081	900
51016081	51022286	850
51022286	51024189	900
51024189	51029111	850
51029111	51043913	900
51043913	51045889	850
51045889	51047778	900
51047778	51074682	850
51074682	51080903	900
51080903	51091345	850
51091345	51098471	900
51098471	51105071	850
51105071	51108470	900
51108470	51109753	850
51109753	51148988	900
51148988	51151313	850
51151313	51182626	800
51182626	51200222	750
51200222	51210927	700
51210927	51233768	650
51233768	51269111	600
51269111	51274823	650
51274823	51276395	700
51276395	51278723	750
51278723	51285810	800
51285810	51304917	850
51304917	51409234	900
51409234	51410140	850
51410140	51418944	900
51418944	51427526	850
51427526	51449340	900
51449340	51500487	850
51500487	51517420	800
51517420	51517597	750
51517597	51517700	800
51517700	51523053	750
51523053	51524560	700
51524560	51532820	650
51532820	51567866	600
51567866	51595276	650
51595276	51596172	700
51596172	51596227	650
51596227	51601540	700
51601540	51627703	750
51627703	51666255	800
51666255	51764460	850
51764460	51799689	800
51799689	51816956	750
51816956	51833643	800
51833643	51834137	850
51834137	51841535	800
51841535	51849420	750
51849420	51861060	700
51861060	51867257	650
51867257	51894318	700
51894318	51962397	750
51962397	51964790	700
51964790	51967925	650
51967925	51970010	600
51970010	51975995	550
51975995	51993995	500
51993995	52086592	450
52086592	52135735	500
52135735	52139827	550
52139827	52146631	500
52146631	52162859	450
52162859	52189807	400
52189807	52208581	450
52208581	52216890	500
52216890	52220673	550
52220673	52225007	600
52225007	52238874	650
52238874	52242142	600
52242142	52297572	550
52297572	52323447	500
52323447	52357211	550
52357211	52360860	600
52360860	52364416	650
52364416	52380523	600
52380523	52426894	550
52426894	52455960	600
52455960	52457553	650
52457553	52493783	700
52493783	52527493	750
52527493	52546965	800
52546965	52552426	750
52552426	52554672	700
52554672	52565576	650
52565576	52578362	600
52578362	52645097	550
52645097	52695055	600
52695055	52717937	650
52717937	52722345	700
52722345	52724924	750
52724924	52748513	800
52748513	52873660	850
52873660	52877163	800
52877163	52903166	850
52903166	52905616	800
52905616	52961794	850
52961794	52971775	900
52971775	52977772	850
52977772	52978730	800
52978730	52998505	850
52998505	52998919	800
52998919	53015010	850
53015010	53046255	800
53046255	53062922	850
53062922	53071094	900
53071094	53073301	850
53073301	53081016	800
53081016	53087025	850
53087025	53090775	800
53090775	53105699	850
53105699	53109461	800
53109461	53112963	850
53112963	53115789	900
53115789	53116053	850
53116053	53135432	900
53135432	53137158	850
53137158	53149623	900
53149623	53153172	850
53153172	53154689	900
53154689	53159419	850
53159419	53165028	900
53165028	53167362	850
53167362	53199132	900
53199132	53224087	850
53224087	53251132	900
53251132	53252458	850
53252458	53275047	900
53275047	53278610	850
53278610	53281214	800
53281214	53284112	850
53284112	53301480	900
53301480	53312591	850
53312591	53322108	900
53322108	53347615	850
53347615	53350367	900
53350367	53353161	850
53353161	53393952	900
53393952	53397086	850
53397086	53399514	900
53399514	53415027	850
53415027	53419900	800
53419900	53421860	850
53421860	53432343	900
53432343	53435805	850
53435805	53436757	900
53436757	53439657	850
53439657	53448122	900
53448122	53449906	850
53449906	53451077	900
53451077	53457569	850
53457569	53457979	800
53457979	53471369	850
53471369	53483053	800
53483053	53487118	750
53487118	53487651	700
53487651	53493768	750
53493768	53496524	800
53496524	53503662	850
53503662	53514742	900
53514742	53515452	850
53515452	53528647	800
53528647	53542655	750
53542655	53584645	800
53584645	53605344	750
53605344	53628205	800
53628205	53650086	750
53650086	53655409	800
53655409	53658853	750
53658853	53676065	800
53676065	53693775	850
53693775	53724002	800
53724002	53742260	850
53742260	53746991	800
53746991	53752756	750
53752756	53768682	700
53768682	53793417	750
53793417	53795487	800
53795487	53801264	850
53801264	53812112	800
53812112	53824883	750
53824883	53837770	700
53837770	53843673	750
53843673	53845844	800
53845844	53855859	850
53855859	53857481	800
53857481	53858170	850
53858170	53860177	800
53860177	53879154	850
53879154	53921548	800
53921548	53936658	750
53936658	53938767	700
53938767	53939109	750
53939109	53957882	700
53957882	53959683	650
53959683	53960300	600
53960300	53960598	550
53960598	53989051	500
53989051	53989828	550
53989828	53990982	500
53990982	54009864	550
54009864	54014863	500
54014863	54020793	550
54020793	54025312	600
54025312	54028160	650
54028160	54087399	700
54087399	54112616	750
54112616	54116044	800
54116044	54120134	850
54120134	54120220	800
54120220	54168381	850
54168381	54174307	900
54174307	54174638	850
54174638	54180057	900
54180057	54180323	850
54180323	54180592	900
54180592	54187144	850
54187144	54189254	800
54189254	54196493	850
54196493	54199208	900
54199208	54211507	850
54211507	54236156	800
54236156	54236603	850
54236603	54241364	800
54241364	54266388	850
54266388	54267534	800
54267534	54267718	850
54267718	54268088	800
54268088	54269437	850
54269437	54269711	800
54269711	54269731	850
54269731	54300576	800
54300576	54303423	750
54303423	54304927	700
54304927	54305680	650
54305680	54306715	600
54306715	54341543	550
54341543	54347134	600
54347134	54354602	550
54354602	54424973	500
54424973	54439503	450
54439503	54557334	400
54557334	54563394	350
54563394	54610310	300
54610310	54623976	350
54623976	54669640	400
54669640	54671220	350
54671220	54672121	400
54672121	54763414	350
54763414	54805729	400
54805729	54878602	350
54878602	54924958	300
54924958	54930202	350
54930202	54939711	400
54939711	54949023	450
54949023	54973980	500
54973980	54990255	550
54990255	54991134	600
54991134	55089319	650
55089319	55108046	600
55108046	55113950	550
55113950	55137060	500
55137060	55173133	450
55173133	55210495	400
55210495	55222283	450
55222283	55235589	500
55235589	55242824	550
55242824	55243408	600
55243408	55244463	650
55244463	55246459	700
55246459	55251814	750
55251814	55258438	700
55258438	55277094	750
55277094	55286584	800
55286584	55311879	850
55311879	55312849	900
55312849	55312999	850
55312999	55316456	900
55316456	55317300	850
55317300	55333007	900
55333007	55345385	850
55345385	55376902	900
55376902	55392416	850
55392416	55512988	900
55512988	55514304	850
55514304	55617191	900
55617191	55624220	850
55624220	55648859	800
55648859	55659123	850
55659123	55661913	900
55661913	55664935	850
55664935	55666002	800
55666002	55668603	750
55668603	55689642	700
55689642	55691642	750
55691642	55776510	700
55776510	55804477	750
55804477	55829359	700
55829359	55832829	650
55832829	55838120	600
55838120	55843793	650
55843793	55861446	700
55861446	55866982	750
55866982	55869688	800
55869688	55872310	850
55872310	55878494	900
55878494	55879372	850
55879372	56038312	900
56038312	56038755	850
56038755	56039313	900
56039313	56097103	850
56097103	56098057	800
56098057	56110463	750
56110463	56118360	700
56118360	56124072	650
56124072	56128543	600
56128543	56142423	650
56142423	56166763	600
56166763	56169070	650
56169070	56188483	600
56188483	56193162	650
56193162	56195947	700
56195947	56196866	750
56196866	56198457	800
56198457	56237202	850
56237202	56239564	900
56239564	56241941	850
56241941	56275898	900
56275898	56295037	850
56295037	56297217	800
56297217	56303912	850
56303912	56309935	900
56309935	56312096	850
56312096	56312777	900
56312777	56314343	850
56314343	56315431	900
56315431	56327964	850
56327964	56328335	800
56328335	56330919	850
56330919	56335586	800
56335586	56337033	750
56337033	56347255	700
56347255	56347270	650
56347270	56347972	700
56347972	56352032	650
56352032	56358904	700
56358904	56368107	750
56368107	56384692	800
56384692	56389391	850
56389391	56394277	800
56394277	56445913	850
56445913	56455215	900
56455215	56457110	850
56457110	56460743	900
56460743	56464677	850
56464677	56473226	900
56473226	56479006	850
56479006	56485116	800
56485116	56494941	750
56494941	56501786	700
56501786	56504454	750
56504454	56507856	800
56507856	56520400	850
56520400	56534531	900
56534531	56546644	850
56546644	56565202	900
56565202	56581778	850
56581778	56583466	800
56583466	56592934	850
56592934	56597296	800
56597296	56598020	750
56598020	56601354	800
56601354	56606570	750
56606570	56622283	800
56622283	56623599	750
56623599	56628982	800
56628982	56683256	850
56683256	56689897	800
56689897	56694680	850
56694680	56701647	800
56701647	56702665	850
56702665	56707724	800
56707724	56709486	750
56709486	56710321	700
56710321	56719498	650
56719498	56723453	600
56723453	56725403	550
56725403	56730083	500
56730083	56810914	450
56810914	56832653	400
56832653	56844670	450
56844670	56850602	500
56850602	56864877	550
56864877	56892949	600
56892949	56899963	650
56899963	56921480	700
56921480	56929251	750
56929251	56930225	700
56930225	56964683	650
56964683	56967334	700
56967334	56988551	750
56988551	57019180	800
57019180	57031194	750
57031194	57085114	800
57085114	57106540	750
57106540	57107420	700
57107420	57112736	750
57112736	57168828	800
57168828	57389208	850
57389208	57413743	800
57413743	57527751	850
57527751	57537954	800
57537954	57555608	750
57555608	57558668	800
57558668	57569463	750
57569463	57595138	800
57595138	57597415	750
57597415	57606881	800
57606881	57616753	750
57616753	57656357	700
57656357	57671133	650
57671133	57683812	600
57683812	57687747	650
57687747	57701733	700
57701733	57707338	650
57707338	57710105	600
57710105	57711984	550
57711984	57713283	500
57713283	57719982	450
57719982	57742124	400
57742124	57781046	350
57781046	57854310	300
57854310	57912464	250
57912464	57926640	300
57926640	57946432	350
57946432	58028547	300
58028547	58072571	350
58072571	58109223	400
58109223	58112377	450
58112377	58123985	500
58123985	58138320	550
58138320	58143666	600
58143666	58155778	650
58155778	58167852	600
58167852	58194328	550
58194328	58201682	600
58201682	58205286	650
58205286	58206280	700
58206280	58238597	750
58238597	58239923	700
58239923	58251079	750
58251079	58253418	800
58253418	58254547	750
58254547	58261550	800
58261550	58264576	750
58264576	58305569	800
58305569	58306928	750
58306928	58337698	800
58337698	58353046	750
58353046	58354793	800
58354793	58387505	750
58387505	58406155	800
58406155	58412951	750
58412951	58439688	800
58439688	58458089	750
58458089	58474350	800
58474350	58485443	750
58485443	58491494	800
58491494	58492725	750
58492725	58524309	800
58524309	58655697	750
58655697	58668590	700
58668590	58669824	650
58669824	58678245	700
58678245	58695556	650
58695556	58710834	600
58710834	58741007	550
58741007	58773245	500
58773245	58792205	450
58792205	58794133	400
58794133	58810399	450
58810399	58866430	400
58866430	58871303	450
58871303	58874731	500
58874731	58876140	550
58876140	58878235	600
58878235	58880569	650
58880569	58883423	600
58883423	58883655	550
58883655	58919121	500
58919121	58939284	550
58939284	58961855	500
58961855	58963470	550
58963470	58964920	500
58964920	58968418	550
58968418	59014947	500
59014947	59044956	450
59044956	59092534	500
59092534	59129825	550
59129825	59144867	500
59144867	59156461	550
59156461	59164274	600
59164274	59178372	550
59178372	59211739	600
59211739	59220876	550
59220876	59221873	600
59221873	59223464	550
59223464	59241223	600
59241223	59280521	550
59280521	59331601	500
59331601	59397330	450
59397330	59464240	400
59464240	59507539	350
59507539	59512509	300
59512509	59607094	250
59607094	59644810	300
59644810	59673839	250
59673839	59692393	300
59692393	59710516	350
59710516	59715706	400
59715706	59733149	450
59733149	59744555	500
59744555	59749074	550
59749074	59753785	600
59753785	59756109	550
59756109	59781870	500
59781870	59816412	450
59816412	59829629	400
59829629	59833062	450
59833062	59841965	500
59841965	59852527	550
59852527	59857169	600
59857169	59858794	550
59858794	59866565	500
59866565	59870173	450
59870173	59871488	500
59871488	59885827	450
59885827	59890929	400
59890929	59898964	350
59898964	59990757	400
59990757	60039789	350
60039789	60040135	400
60040135	60040280	350
60040280	60078483	300
60078483	60115785	350
60115785	60140362	400
60140362	60184217	350
60184217	60189850	400
60189850	60191141	450
60191141	60194779	400
60194779	60195775	350
60195775	60216817	300
60216817	60243483	250
60243483	60259537	200
60259537	60311172	250
60311172	60421035	300
60421035	60452894	350
60452894	60518312	300
60518312	60551341	350
60551341	60592350	300
60592350	60606749	350
60606749	60618154	400
60618154	60632388	450
60632388	60634845	500
60634845	60635236	450
60635236	60637397	500
60637397	60638367	450
60638367	60659092	500
60659092	60660380	550
60660380	60662546	600
60662546	60665394	650
60665394	60681218	700
60681218	60681439	650
60681439	60681496	700
60681496	60687793	650
60687793	60696534	700
60696534	60697403	750
60697403	60715008	700
60715008	60723969	750
60723969	60729085	800
60729085	60730821	750
60730821	60734510	800
60734510	60737932	750
60737932	60780376	800
60780376	60782188	750
60782188	60790526	800
60790526	60791137	750
60791137	60791297	700
60791297	60793305	650
60793305	60799348	600
60799348	60813683	650
60813683	60871009	700
60871009	60871598	750
60871598	60875771	800
60875771	60878252	850
60878252	60880819	800
60880819	60981083	850
60981083	60997293	800
60997293	60998364	850
60998364	60999691	800
60999691	61021674	850
61021674	61023876	800
61023876	61024672	850
61024672	61028899	800
61028899	61036467	850
61036467	61066499	800
61066499	61079204	850
61079204	61092403	800
61092403	61118564	850
61118564	61119155	800
61119155	61122227	850
61122227	61123381	800
61123381	61143802	850
61143802	61145292	800
61145292	61148669	850
61148669	61160016	800
61160016	61161412	750
61161412	61161446	800
61161446	61162021	750
61162021	61174150	800
61174150	61213390	750
61213390	61231216	700
61231216	61238145	650
61238145	61239511	700
61239511	61241695	650
61241695	61243147	700
61243147	61258635	650
61258635	61286667	600
61286667	61289056	650
61289056	61289348	700
61289348	61290049	750
61290049	61291412	800
61291412	61293931	850
61293931	61300670	800
61300670	61342318	750
61342318	61387920	800
61387920	61409083	850
61409083	61417057	800
61417057	61430403	850
61430403	61453947	800
61453947	61465015	850
61465015	61465470	800
61465470	61484884	850
61484884	61491519	800
61491519	61501046	850
61501046	61530547	800
61530547	61534686	750
61534686	61551167	800
61551167	61589953	850
61589953	61605045	800
61605045	61611840	750
61611840	61637322	700
61637322	61644239	650
61644239	61648392	700
61648392	61649601	650
61649601	61651006	700
61651006	61664054	650
61664054	61667449	600
61667449	61671084	650
61671084	61675577	700
61675577	61684207	750
61684207	61784444	800
61784444	61834126	850
61834126	61856370	800
61856370	62019920	850
62019920	62026980	900
62026980	62068256	850
62068256	62077724	900
62077724	62079412	850
62079412	62084665	900
62084665	62128555	850
62128555	62149273	900
62149273	62189775	850
62189775	62199146	900
62199146	62209560	850
62209560	62210598	800
62210598	62239671	850
62239671	62243004	800
62243004	62247091	750
62247091	62352241	800
62352241	62366864	850
62366864	62447568	800
62447568	62467897	750
62467897	62515919	800
62515919	62516108	750
62516108	62522788	800
62522788	62537055	750
62537055	62540544	700
62540544	62566422	750
62566422	62570664	800
62570664	62582151	750
62582151	62637250	800
62637250	62702578	850
62702578	62824109	800
62824109	62824939	750
62824939	62847574	800
62847574	62861246	750
62861246	62864567	700
62864567	62869677	650
62869677	62882669	700
62882669	62898666	650
62898666	62906129	600
62906129	62921933	550
62921933	62934695	600
62934695	62946562	650
62946562	62978310	700
62978310	62987797	650
62987797	63009247	600
63009247	63025545	650
63025545	63045930	700
63045930	63098334	650
63098334	63110212	700
63110212	63115526	650
63115526	63176779	600
63176779	63207997	550
63207997	63237383	500
63237383	63278463	550
63278463	63286537	600
63286537	63295010	650
63295010	63322447	600
63322447	63453941	550
63453941	63458554	500
63458554	63472798	450
63472798	63514486	400
63514486	63539667	350
63539667	63544363	400
63544363	63548769	450
63548769	63549905	400
63549905	63621995	350
63621995	63630035	400
63630035	63632711	450
63632711	63636333	500
63636333	63649257	450
63649257	63728329	400
63728329	63802833	350
63802833	63843453	400
63843453	63938186	450
63938186	63954025	500
63954025	63954268	450
63954268	63954354	500
63954354	63957744	450
63957744	63959173	400
63959173	63959883	350
63959883	63975150	300
63975150	64001976	250
64001976	64071467	200
64071467	64084656	250
64084656	64092553	300
64092553	64168197	350
64168197	64188268	400
64188268	64209765	450
64209765	64250139	500
64250139	64285227	450
64285227	64288353	500
64288353	64290309	550
64290309	64299136	600
64299136	64304060	550
64304060	64318198	500
64318198	64344590	450
64344590	64352083	500
64352083	64356617	550
64356617	64357682	600
64357682	64357783	550
64357783	64358559	600
64358559	64360428	550
64360428	64361789	600
64361789	64363061	550
64363061	64375887	600
64375887	64398080	550
64398080	64426583	500
64426583	64489980	450
64489980	64508148	500
64508148	64522830	550
64522830	64523734	500
64523734	64604764	550
64604764	64615945	500
64615945	64639157	450
64639157	64641066	500
64641066	64649911	550
64649911	64679274	600
64679274	64681221	650
64681221	64693577	700
64693577	64717220	750
64717220	64750441	800
64750441	64751982	750
64751982	64792585	800
64792585	64793020	750
64793020	64793175	800
64793175	64794395	750
64794395	64795399	800
64795399	64798407	750
64798407	64805365	800
64805365	64807436	750
64807436	64814755	800
64814755	64870093	750
64870093	64915546	700
64915546	64922757	650
64922757	64931876	700
64931876	64939225	650
64939225	64988000	600
64988000	65085350	650
65085350	65256142	600
65256142	65290687	550
65290687	65318236	600
65318236	65324167	650
65324167	65334132	700
65334132	65346467	750
65346467	65348063	700
65348063	65357808	750
65357808	65362770	800
65362770	65364622	850
65364622	65365464	800
65365464	65369109	850
65369109	65369479	800
65369479	65370674	850
65370674	65409637	800
65409637	65428849	850
65428849	65475700	800
65475700	65476839	750
65476839	65477893	800
65477893	65478476	750
65478476	65491390	800
65491390	65492899	750
65492899	65495120	800
65495120	65553786	750
65553786	65572789	700
65572789	65574532	650
65574532	65609742	700
65609742	65610262	650
65610262	65619103	700
65619103	65644262	650
65644262	65645518	600
65645518	65646698	650
65646698	65694237	600
65694237	65706535	550
65706535	65768628	500
65768628	65776632	450
65776632	65793538	400
65793538	65821240	350
65821240	65836674	400
65836674	65840990	350
65840990	65883390	300
65883390	65892585	350
65892585	65895190	300
65895190	65929338	250
66016597	66044241	250
66044241	66103247	300
66103247	66348937	350
66348937	66520133	300
66520133	66746155	250
66746155	66816199	200
66816199	66922746	150
66922746	66930068	200
66930068	66933724	250
66933724	66936439	300
66936439	66937297	350
66937297	66938513	400
66938513	66940219	450
66940219	66942404	500
66942404	66945619	550
66945619	66950495	600
66950495	66956562	650
66956562	66959730	700
66959730	67054884	750
67054884	67055085	800
67055085	67055213	750
67055213	67056001	800
67056001	67063900	750
67063900	67066409	700
67066409	67100597	650
67100597	67100783	600
67100783	67102254	650
67102254	67107705	600
67107705	67110361	550
67110361	67114582	500
67114582	67122953	450
67122953	67125949	400
67125949	67132098	450
67132098	67135890	500
67135890	67142670	550
67142670	67164940	500
67164940	67173826	450
67173826	67176726	400
67176726	67204404	350
67204404	67237848	300
67237848	67306302	350
67306302	67307807	400
67307807	67312937	450
67312937	67380633	400
67380633	67436717	450
67436717	67447223	400
67447223	67527043	350
67527043	67595131	400
67595131	67626772	450
67626772	67632708	500
67632708	67643847	450
67643847	67669813	400
67669813	67673355	450
67673355	67681557	500
67681557	67682712	450
67682712	67687639	400
67687639	67719913	350
67719913	67721398	400
67721398	67724119	450
67724119	67785059	500
67785059	67785865	550
67785865	67788390	600
67788390	67793212	650
67793212	67800959	700
67800959	67813563	650
67813563	67824882	600
67824882	67829083	650
67829083	67830519	700
67830519	67832530	650
67832530	67835173	600
67835173	67845504	550
67845504	67851014	500
67851014	67857303	550
67857303	67873967	600
67873967	67881347	650
67881347	67884754	700
67884754	67894536	750
67894536	67921297	700
67921297	67926427	750
67926427	67939889	700
67939889	67976178	750
67976178	68016516	700
68016516	68034188	750
68034188	68038484	800
68038484	68038776	750
68038776	68062789	800
68062789	68071737	750
68071737	68087900	700
68087900	68092146	750
68092146	68107639	800
68107639	68169538	850
68169538	68171825	800
68171825	68173374	850
68173374	68175385	800
68175385	68258264	850
68258264	68261122	800
68261122	68265766	850
68265766	68268148	800
68268148	68288648	850
68288648	68312443	800
68312443	68349765	750
68349765	68350462	800
68350462	68351892	750
68351892	68384118	800
68384118	68392197	850
68392197	68402792	800
68402792	68411467	750
68411467	68422378	700
68422378	68522172	750
68522172	68545409	700
68545409	68555578	650
68555578	68562495	600
68562495	68570088	750
68566525	68574109	500
68574109	68580290	450
68580290	68585852	400
68585852	68637051	350
68637051	68671065	400
68671065	68707401	450
68707401	68738440	500
68738440	68777794	450
68777794	68779106	500
68779106	68780799	550
68780799	68784590	600
68784590	68789204	650
68789204	68812161	700
68812161	68859438	750
68859438	68860960	800
68860960	68880990	750
68880990	68889367	700
68889367	68890799	650
68890799	68898894	600
68898894	68908812	550
68908812	68927641	500
68927641	68997252	450
68997252	69001560	500
69001560	69004713	550
69004713	69007934	600
69007934	69022764	650
69022764	69101083	700
69101083	69113354	650
69113354	69148086	700
69148086	69151228	650
69151228	69226254	600
69226254	69249271	650
69249271	69252591	700
69252591	69265900	750
69265900	69275144	800
69275144	69281661	750
69281661	69283935	700
69283935	69287314	650
69287314	69299298	600
69299298	69317382	550
69317382	69336777	600
69336777	69346379	650
69346379	69351211	700
69351211	69391252	750
69391252	69420468	800
69420468	69424353	850
69424353	69424826	800
69424826	69446226	850
69446226	69448289	800
69448289	69462151	850
69462151	69463162	800
69463162	69464466	850
69464466	69482502	800
69482502	69489792	750
69489792	69509904	700
69509904	69523386	750
69523386	69549896	700
69549896	69554723	750
69554723	69556044	700
69556044	69564364	750
69564364	69580741	700
69580741	69595176	650
69595176	69636081	700
69636081	69644623	750
69644623	69649440	800
69649440	69652128	750
69652128	69655013	800
69655013	69699479	750
69699479	69706560	700
69706560	69709474	750
69709474	69709855	800
69709855	69710079	750
69710079	69720112	800
69720112	69736397	850
69736397	69821482	800
69821482	69847943	750
69847943	69890234	700
69890234	69926052	650
69926052	70005612	700
70005612	70121462	750
70121462	70124354	700
70124354	70152682	750
70152682	70168967	800
70168967	70205939	850
70205939	70213025	800
70213025	70213393	850
70213393	70214562	800
70214562	70245660	850
70245660	70248201	800
70248201	70249244	750
70249244	70249708	700
70249708	70259073	650
70259073	70316543	600
70316543	70334012	650
70334012	70340595	600
70340595	70352922	650
70352922	70385116	700
70385116	70393703	750
70393703	70396930	800
70396930	70416246	850
70416246	70418205	800
70418205	70419211	750
70419211	70419785	700
70419785	70420096	650
70420096	70420284	600
70420284	70421460	550
70421460	70436425	500
70436425	70440940	450
70440940	70470855	400
70470855	70656349	350
70656349	70667959	400
70667959	70676229	450
70676229	70682750	500
70682750	70683040	550
70683040	70683489	600
70683489	70684291	650
70684291	70709100	700
70709100	70776487	750
70776487	70781966	700
70781966	70784795	750
70784795	70793783	700
70793783	70819422	650
70819422	70825756	600
70825756	70828850	550
70828850	70884906	500
70884906	70888411	550
70888411	70895559	500
70895559	70947968	550
70947968	71096994	500
71096994	71097889	450
71097889	71098363	400
71098363	71122348	350
71122348	71214451	300
71214451	71223653	350
71223653	71226840	400
71226840	71233735	450
71233735	71239352	500
71239352	71247916	450
71247916	71273727	500
71273727	71280631	550
71280631	71281400	600
71281400	71282102	650
71282102	71282917	700
71282917	71284465	750
71284465	71287401	800
71287401	71498395	850
71498395	71504667	800
71504667	71557673	850
71557673	71659635	900
71659635	71673526	850
71673526	71678476	900
71678476	71678997	850
71678997	71708510	900
71708510	71708936	850
71708936	71722845	900
71722845	71723508	850
71723508	71757606	900
71757606	71764383	850
71764383	71776847	900
71776847	71783108	850
71783108	71790691	900
71790691	71798476	850
71798476	71806097	900
71806097	71844579	850
71844579	71852333	800
71852333	71871258	850
71871258	71876469	900
71876469	71908976	850
71908976	71958836	900
71958836	71975306	850
71975306	71990246	800
71990246	71993231	750
71993231	72005350	800
72005350	72017163	750
72017163	72050710	800
72050710	72051796	750
72051796	72052832	800
72052832	72055338	750
72055338	72059204	800
72059204	72066039	750
72066039	72071914	800
72071914	72080139	750
72080139	72104935	800
72104935	72115303	850
72115303	72129357	800
72129357	72139377	750
72139377	72141140	800
72141140	72153093	750
72153093	72157062	700
72157062	72169699	750
72169699	72176137	700
72176137	72189233	750
72189233	72192848	700
72192848	72196636	650
72196636	72203425	600
72203425	72205645	550
72205645	72208242	600
72208242	72208721	550
72208721	72213004	600
72213004	72218908	650
72218908	72232290	700
72232290	72245385	750
72245385	72247108	800
72247108	72248551	750
72248551	72251699	800
72251699	72252044	750
72252044	72255088	800
72255088	72272886	750
72272886	72274906	700
72274906	72328829	750
72328829	72341379	700
72341379	72343620	750
72343620	72358763	700
72358763	72405801	650
72405801	72411713	600
72411713	72418538	550
72418538	72430588	500
72430588	72431702	450
72431702	72465562	500
72465562	72471580	450
72471580	72475638	400
72475638	72504689	350
72504689	72567204	300
72567204	72621483	250
72621483	72660972	200
72660972	72760544	250
72760544	72771443	300
72771443	72780155	350
72780155	72790736	400
72790736	72794744	450
72794744	72799696	400
72799696	72815659	350
72815659	72824018	300
72824018	72827689	350
72827689	72928749	300
72928749	73000477	350
73000477	73002438	400
73002438	73005489	350
73005489	73027283	400
73027283	73031006	350
73031006	73044649	400
73044649	73056100	450
73056100	73060255	500
73060255	73126527	550
73126527	73135353	500
73135353	73160594	550
73160594	73164564	600
73164564	73166678	550
73166678	73167590	500
73167590	73175023	450
73175023	73183891	400
73183891	73230561	350
73230561	73240218	300
73240218	73248467	350
73248467	73252724	300
73252724	73259757	350
73259757	73277623	400
73277623	73282401	450
73282401	73286654	500
73286654	73303095	550
73303095	73326308	600
73326308	73334468	550
73334468	73358597	500
73358597	73369468	450
73369468	73374434	400
73374434	73378575	350
73378575	73383493	300
73383493	73522522	250
73522522	73531320	300
73531320	73569627	350
73569627	73571264	300
73571264	73654063	250
73654063	73732364	200
73732364	73732751	250
73732751	73733523	300
73733523	73735640	350
73735640	73740600	400
73740600	73742339	450
73742339	73745937	500
73745937	73751647	550
73751647	73757053	600
73757053	73774418	650
73774418	73811777	600
73811777	73852757	550
73852757	73869880	600
73869880	73877641	650
73877641	73895820	700
73895820	73916480	750
73916480	73942549	700
73942549	73953864	650
73953864	73989683	600
73989683	73995653	550
73995653	74002547	500
74002547	74015523	450
74015523	74024060	400
74024060	74024594	450
74024594	74036015	400
74036015	74041213	450
74041213	74046571	500
74046571	74083120	550
74083120	74088082	600
74088082	74107879	550
74107879	74118522	500
74118522	74167275	450
74167275	74171998	400
74171998	74175487	350
74175487	74202930	500
74180558	74183756	250
74183756	74185721	200
74185721	74197068	150
74197068	74305621	100
74375963	74396815	100
74396815	74443054	150
74443054	74452034	200
74452034	74469704	250
74469704	74493695	300
74493695	74515134	250
74515134	74522820	200
74522820	74539942	150
74539942	74591667	100
74591667	74675617	50
74675617	74698285	100
74698285	74711170	150
74711170	74715858	200
74715858	74725497	250
74725497	74738614	300
74738614	74741939	350
74741939	74742941	400
74742941	74744259	450
74744259	74746007	500
74746007	74748309	550
74748309	74751705	600
74751705	74758172	650
74758172	74768928	700
74768928	74790793	750
74790793	74792027	700
74792027	74792845	750
74792845	74818742	700
74818742	74820987	750
74820987	74841529	800
74841529	74941176	850
74941176	74954491	900
74954491	74984202	850
74984202	74985435	900
74985435	74985978	850
74985978	74995248	900
74995248	75120344	850
75120344	75126711	800
75126711	75150401	850
75150401	75167120	800
75167120	75174298	750
75174298	75176916	700
75176916	75179211	650
75179211	75253696	600
75253696	75260904	550
75260904	75318257	500
75318257	75342522	550
75342522	75342795	500
75342795	75343976	550
75343976	75364801	500
75364801	75398094	550
75398094	75429061	600
75429061	75434854	650
75434854	75437655	700
75437655	75510450	750
75510450	75515212	800
75515212	75519013	750
75519013	75570551	800
75570551	75573142	750
75573142	75574010	800
75574010	75580174	750
75580174	75582467	800
75582467	75621230	750
75621230	75637402	800
75637402	75656872	850
75656872	75660962	800
75660962	75666829	750
75666829	75682809	700
75682809	75690652	650
75690652	75699192	600
75699192	75744908	550
75744908	75750387	600
75750387	75758679	650
75758679	75764681	700
75764681	75765604	750
75765604	75766489	800
75766489	75768674	850
75768674	75778434	900
75778434	75789713	850
75789713	75814024	900
75814024	75814473	850
75814473	76297673	900
76297673	76300638	850
76300638	76301950	800
76301950	76308351	750
76308351	76322953	700
76322953	76346513	650
76346513	76353033	700
76353033	76360945	750
76360945	76362947	700
76362947	76374632	750
76374632	76391667	800
76391667	76404114	850
76404114	76526435	900
76526435	76540016	850
76540016	76556890	800
76556890	76565537	750
76565537	76567818	800
76567818	76569822	750
76569822	76574243	800
76574243	76581479	750
76581479	76615519	800
76615519	76631890	750
76631890	76638355	700
76638355	76646140	650
76646140	76655347	600
76655347	76661931	650
76661931	76666740	700
76666740	76671421	750
76671421	76671665	800
76671665	76671692	750
76671692	76677677	800
76677677	76748107	850
76748107	76788706	800
76788706	76790400	750
76790400	76795458	700
76795458	76809713	650
76809713	76846556	600
76846556	76870484	650
76870484	76886135	600
76886135	76910360	650
76910360	76912790	700
76912790	76913494	650
76913494	77006177	600
77006177	77010574	650
77010574	77022891	700
77022891	77089410	750
77089410	77093559	700
77093559	77152260	750
77152260	77155456	700
77155456	77181925	750
77181925	77193370	700
77193370	77194204	650
77194204	77204568	600
77204568	77232920	550
77232920	77312719	500
77312719	77334538	550
77334538	77348066	600
77348066	77356317	650
77356317	77396303	700
77396303	77399250	650
77399250	77435407	700
77435407	77441220	750
77441220	77488687	800
77488687	77606642	850
77606642	77636120	900
77636120	77662587	850
77662587	77678106	900
77678106	77679768	850
77679768	77680328	900
77680328	77680993	850
77680993	77698268	900
77698268	77707400	850
77707400	77710676	800
77710676	77718733	850
77718733	77731399	900
77731399	77738458	850
77738458	77772036	900
77772036	77832421	850
77832421	77835473	800
77835473	77841553	850
77841553	77845479	800
77845479	77852262	850
77852262	77898762	900
77898762	77899740	850
77899740	77956257	900
77956257	77964404	850
77964404	77976117	900
77976117	77977154	850
77977154	78012629	900
78012629	78014389	850
78014389	78027131	900
78027131	78035064	850
78035064	78037741	900
78037741	78039334	850
78039334	78060376	900
78060376	78063469	850
78063469	78095949	900
78095949	78099761	950
78099761	78147647	900
78147647	78167383	850
78167383	78175109	800
78175109	78183039	750
78183039	78186015	700
78186015	78186177	750
78186177	78186559	700
78186559	78190034	750
78190034	78210135	800
78210135	78213976	850
78213976	78241019	900
78241019	78252813	850
78252813	78253052	800
78253052	78262582	850
78262582	78335200	900
78335200	78344714	850
78344714	78346853	800
78346853	78357468	850
78357468	78381990	900
78381990	78384073	850
78384073	78470184	900
78470184	78501886	850
78501886	78510346	800
78510346	78520530	850
78520530	78524233	900
78524233	78570457	850
78570457	78593245	800
78593245	78639726	750
78639726	78660545	800
78660545	78663299	850
78663299	78668340	900
78668340	78679559	850
78679559	78781599	900
78781599	78812090	850
78812090	78895898	800
78895898	78922571	850
78922571	78929231	900
78929231	78944780	850
78944780	78962067	900
78962067	78968714	850
78968714	78980499	800
78980499	78983389	850
78983389	79003156	800
79003156	79007117	750
79007117	79008025	800
79008025	79010001	750
79010001	79013051	800
79013051	79015307	850
79015307	79023595	900
79023595	79038506	850
79038506	79051864	900
79051864	79053092	850
79053092	79056524	900
79056524	79075248	850
79075248	79082821	900
79082821	79083109	850
79083109	79086111	900
79086111	79088863	850
79088863	79125986	800
79125986	79138598	850
79138598	79148493	900
79148493	79172660	850
79172660	79191002	800
79191002	79192134	850
79192134	79193010	800
79193010	79194431	850
79194431	79199751	800
79199751	79200521	850
79200521	79202237	800
79202237	79206189	850
79206189	79207764	900
79207764	79207973	850
79207973	79208912	900
79208912	79209488	850
79209488	79210274	900
79210274	79222646	850
79222646	79227422	800
79227422	79227930	850
79227930	79230450	800
79230450	79241232	850
79241232	79245790	900
79245790	79246046	850
79246046	79250615	900
79250615	79251244	850
79251244	79255813	900
79255813	79256793	850
79256793	79263272	800
79263272	79271616	750
79271616	79330656	800
79330656	79353080	750
79353080	79371266	800
79371266	79373723	850
79373723	79376589	800
79376589	79387423	750
79387423	79389990	700
79389990	79391874	750
79391874	79393316	800
79393316	79393854	750
79393854	79394456	800
79394456	79396637	750
79396637	79399739	700
79399739	79400732	650
79400732	79422640	700
79422640	79427320	750
79427320	79436862	800
79436862	79440202	850
79440202	79443684	800
79443684	79455261	750
79455261	79469624	800
79469624	79506302	850
79506302	79507598	800
79507598	79520127	850
79520127	79534059	800
79534059	79542107	850
79542107	79607112	800
79607112	79613636	850
79613636	79619582	800
79619582	79634888	850
79634888	79640031	800
79640031	79640624	750
79640624	79640854	800
79640854	79670940	750
79670940	79678736	700
79678736	79683662	650
79683662	79685657	600
79685657	79686670	650
79686670	79731738	600
79731738	79743373	550
79743373	79760501	500
79760501	79779227	550
79779227	79820875	600
79820875	79843231	650
79843231	79844630	700
79844630	79846482	750
79846482	79848371	800
79848371	79871654	850
79871654	79876416	800
79876416	79880393	850
79880393	79884582	800
79884582	79887826	850
79887826	79888647	800
79888647	79961299	850
79961299	79994485	800
79994485	79995669	750
79995669	80011134	800
80011134	80026412	750
80026412	80055349	700
80055349	80061983	650
80061983	80067299	700
80067299	80067384	750
80067384	80067782	800
80067782	80071813	850
80071813	80078527	800
80078527	80093475	750
80093475	80106641	700
80106641	80118536	650
80118536	80125636	700
80125636	80141400	750
80141400	80145616	700
80145616	80152568	750
80152568	80206481	800
80206481	80238232	750
80238232	80275035	700
80275035	80279444	650
80279444	80325734	600
80325734	80426355	550
80426355	80465637	600
80465637	80476471	650
80476471	80492705	700
80492705	80556313	750
80556313	80599908	800
80599908	80632688	750
80632688	80641159	800
80641159	80642321	750
80642321	80673691	800
80673691	80678949	750
80678949	80680109	700
80680109	80695533	650
80695533	80703547	600
80703547	80707284	550
80707284	80709338	500
80709338	80753293	450
80753293	80773187	500
80773187	80806019	550
80806019	80818829	600
80818829	80828790	650
80828790	80830686	700
80830686	80832476	650
80832476	80857573	700
80857573	80861842	750
80861842	80871875	800
80871875	80877955	850
80877955	80903157	800
80903157	80940769	750
80940769	80960556	800
80960556	80961399	750
80961399	81000748	800
81000748	81005758	750
81005758	81008110	700
81008110	81010370	650
81010370	81035351	600
81035351	81035480	550
81035480	81076575	600
81076575	81097361	650
81097361	81106675	700
81106675	81107091	750
81107091	81107173	700
81107173	81107567	750
81107567	81107710	700
81107710	81115538	750
81115538	81135424	800
81135424	81142221	850
81142221	81142948	800
81142948	81151628	850
81151628	81209908	800
81209908	81214186	750
81214186	81225775	800
81225775	81238043	850
81238043	81241458	800
81241458	81245153	850
81245153	81248315	800
81248315	81252165	850
81252165	81260218	800
81260218	81312970	750
81312970	81319844	800
81319844	81356214	750
81356214	81357155	800
81357155	81363088	850
81363088	81369770	900
81369770	81374526	850
81374526	81379619	800
81379619	81392509	850
81392509	81392823	800
81392823	81393615	850
81393615	81435300	800
81435300	81445383	850
81445383	81483116	900
81483116	81483686	850
81483686	81495770	900
81495770	81504828	850
81504828	81518077	800
81518077	81519374	850
81519374	81530760	900
81530760	81532895	950
81532895	81536684	900
81536684	81537972	950
81537972	81538710	900
81538710	81539377	950
81539377	81540185	900
81540185	81566377	950
81566377	81579337	900
81579337	81586110	950
81586110	81586973	900
81586973	81588995	950
81588995	81589366	900
81589366	81591915	950
81591915	81592382	900
81592382	81596999	950
81596999	81626617	900
81626617	81640283	950
81640283	81641544	900
81641544	81645610	950
81645610	81652921	900
81652921	81656662	850
81656662	81667559	800
81667559	81689738	850
81689738	81719645	900
81719645	81724840	950
81724840	81728077	900
81728077	81732148	950
81732148	81740954	900
81740954	81750075	950
81750075	81787909	900
81787909	81803060	950
81803060	81827747	900
81827747	81847908	850
81847908	81891124	900
81891124	81920088	950
81920088	81934086	900
81934086	81957098	950
81957098	81976124	900
81976124	81978662	950
81978662	81985096	900
81985096	82027762	950
82027762	82029231	900
82029231	82036997	950
82036997	82055083	900
82055083	82102389	950
82102389	82134987	900
82134987	82144196	950
82144196	82145715	900
82145715	82202178	950
82202178	82204200	900
82204200	82390284	950
82390284	82395677	900
82395677	82521704	950
82521704	82526141	900
82526141	82531058	950
82531058	82533274	900
82533274	82537397	950
82537397	82538173	900
82538173	82649617	950
82649617	82663361	900
82663361	82666108	850
82666108	82670421	900
82670421	82692157	950
82692157	82708460	900
82708460	82713732	950
82713732	82757187	900
82757187	82759569	950
82759569	82801827	900
82801827	82835641	950
82835641	82837299	900
82837299	82999768	950
82999768	83001410	900
83001410	83031511	950
83031511	83038791	900
83038791	83131417	950
83131417	83133029	900
83133029	83237286	950
83237286	83265217	900
83265217	83350197	950
83350197	83357998	900
83357998	83401742	850
83401742	83409714	900
83409714	83518639	950
83518639	83571948	900
83571948	83574717	950
83574717	83579013	900
83579013	83590432	950
83590432	83665402	900
83665402	83819467	950
83819467	83837241	900
83837241	83879064	950
83879064	83957177	900
83957177	83993023	950
83993023	83995741	900
83995741	84062308	950
84062308	84085490	900
84085490	84194092	950
84194092	84212372	900
84212372	84268302	950
84268302	84323824	900
84323824	84332890	950
84332890	84334033	900
84334033	84343793	950
84343793	84345824	900
84345824	84358196	950
84358196	84385758	900
84385758	84387226	950
84387226	84451118	900
84451118	84457806	950
84457806	84476468	900
84476468	84490074	950
84490074	84510079	900
84510079	84514120	850
84514120	84528809	900
84528809	84545316	950
84545316	84548349	900
84548349	84578091	950
84578091	84579535	900
84579535	84651799	950
84651799	84653092	900
84653092	84676320	950
84676320	84692373	900
84692373	84718220	950
84718220	84723383	900
84723383	84733175	950
84733175	84738797	900
84738797	84762879	950
84762879	84763973	900
84763973	84774297	950
84774297	84778011	900
84778011	84781858	950
84781858	84812790	900
84812790	84848410	950
84848410	84849349	900
84849349	84850411	950
84850411	84859367	900
84859367	84888322	850
84888322	84903474	900
84903474	84908717	950
84908717	84909183	900
84909183	84911296	950
84911296	84917716	900
84917716	84937706	950
84937706	84937865	900
84937865	84937996	950
84937996	84939613	900
84939613	84940276	950
84940276	84951360	900
84951360	84956947	850
84956947	85001133	900
85001133	85003026	950
85003026	85003581	900
85003581	85004536	950
85004536	85010967	900
85010967	85011533	850
85011533	85033407	900
85033407	85034843	850
85034843	85035379	900
85035379	85041603	850
85041603	85041737	900
85041737	85055062	850
85055062	85058714	800
85058714	85059153	850
85059153	85059518	800
85059518	85060010	850
85060010	85066113	800
85066113	85069753	850
85069753	85070199	900
85070199	85097435	850
85097435	85114118	800
85114118	85118159	850
85118159	85125202	900
85125202	85126776	850
85126776	85127390	800
85127390	85128153	750
85128153	85137308	700
85137308	85148532	650
85148532	85152484	600
85152484	85167531	650
85167531	85172800	700
85172800	85189657	750
85189657	85192187	700
85192187	85202356	750
85202356	85224744	800
85224744	85231394	850
85231394	85246596	800
85246596	85332474	850
85332474	85369583	900
85369583	85403607	850
85403607	85417216	900
85417216	85418943	850
85418943	85448301	900
85448301	85453720	950
85453720	85454418	900
85454418	85455816	950
85455816	85456048	900
85456048	85457049	950
85457049	85542370	900
85542370	85559700	850
85559700	85583522	900
85583522	85597117	850
85597117	85606287	800
85606287	85636324	850
85636324	85694573	900
85694573	85740507	950
85740507	85748730	900
85748730	85784990	950
85784990	85786802	900
85786802	85859389	950
85859389	85862130	900
85862130	85944835	950
85944835	85960687	900
85960687	85993428	850
85993428	85994826	900
85994826	86045711	950
86045711	86049935	900
86049935	86114175	950
86114175	86119653	900
86119653	86168448	950
86168448	86175662	900
86175662	86190072	950
86190072	86194812	900
86194812	86198341	950
86198341	86199153	900
86199153	86203831	950
86203831	86231413	900
86231413	86263571	850
86263571	86308212	900
86308212	86314634	950
86314634	86338483	900
86338483	86341435	950
86341435	86342407	900
86342407	86438358	950
86438358	86465753	900
86465753	86487820	850
86487820	86500032	800
86500032	86523278	850
86523278	86527112	800
86527112	86548404	850
86548404	86554793	900
86554793	86580551	950
86580551	86594117	900
86594117	86637498	850
86637498	86694317	900
86694317	86707572	950
86707572	86713630	900
86713630	86720165	850
86720165	86724441	800
86724441	86745179	850
86745179	86746679	900
86746679	86748260	850
86748260	86755501	900
86755501	86771931	850
86771931	86778468	900
86778468	86801712	850
86801712	86803694	900
86803694	86804779	850
86804779	86844544	900
86844544	86873136	850
86873136	86876846	900
86876846	86879603	950
86879603	86945715	900
86945715	86954492	950
86954492	86996306	900
86996306	87003102	850
87003102	87027175	900
87027175	87028100	850
87028100	87032069	900
87032069	87045180	850
87045180	87059730	900
87059730	87062953	950
87062953	87063263	900
87063263	87068271	950
87068271	87069732	900
87069732	87099352	850
87099352	87114357	900
87114357	87127122	850
87127122	87177597	800
87177597	87181687	750
87181687	87219837	800
87219837	87258944	850
87258944	87264562	900
87264562	87266793	950
87266793	87285121	900
87285121	87380462	850
87380462	87386450	800
87386450	87392749	850
87392749	87393791	800
87393791	87403434	850
87403434	87403943	900
87403943	87429936	850
87429936	87431258	800
87431258	87460120	850
87460120	87462892	800
87462892	87463997	750
87463997	87464474	700
87464474	87464661	650
87464661	87509873	600
87509873	87540810	650
87540810	87550294	600
87550294	87557787	650
87557787	87562287	700
87562287	87601801	750
87601801	87604158	800
87604158	87624155	750
87624155	87708539	800
87708539	87714687	850
87714687	87717409	800
87717409	87717804	750
87717804	87718783	800
87718783	87736214	750
87736214	87759388	800
87759388	87767063	750
87767063	87791176	800
87791176	87798459	850
87798459	87833846	800
87833846	87845588	750
87845588	87857863	700
87857863	87874831	650
87874831	87884281	600
87884281	87888825	550
87888825	87891663	500
87891663	87893897	450
87893897	87918585	400
87918585	88007837	350
88007837	88118988	300
88118988	88135824	250
88135824	88205291	200
88205291	88302657	250
88302657	88323957	300
88323957	88331295	350
88331295	88364665	400
88364665	88368256	350
88368256	88395768	400
88395768	88396908	450
88396908	88411439	400
88411439	88431269	450
88431269	88451261	500
88451261	88455786	550
88455786	88462430	600
88462430	88464809	650
88464809	88468711	700
88468711	88478303	750
88478303	88502188	800
88502188	88515624	850
88515624	88517046	800
88517046	88521830	850
88521830	88522663	800
88522663	88551832	850
88551832	88676355	900
88676355	88680773	850
88680773	88683812	800
88683812	88688430	750
88688430	88691401	700
88691401	88692970	650
88692970	88697978	600
88697978	88699882	650
88699882	88703050	700
88703050	88709830	750
88709830	88710853	800
88710853	88710950	750
88710950	88711764	800
88711764	88712594	750
88712594	88727209	800
88727209	88730274	850
88730274	88731718	900
88731718	88732847	850
88732847	88744106	900
88744106	88747817	850
88747817	88750202	900
88750202	88752147	850
88752147	88768083	900
88768083	88770395	850
88770395	88772642	900
88772642	88772696	850
88772696	88773717	900
88773717	88783305	850
88783305	88827522	900
88827522	88829589	950
88829589	88866260	900
88866260	88871717	950
88871717	88884740	900
88884740	88887600	850
88887600	88967304	900
88967304	89016241	950
89016241	89017373	900
89017373	89022289	950
89022289	89023202	900
89023202	89102206	950
89102206	89102694	900
89102694	89105277	950
89105277	89121607	900
89121607	89171845	950
89171845	89172354	900
89172354	89179649	950
89179649	89182019	900
89182019	89184861	950
89184861	89188882	900
89188882	89194348	950
89194348	89199337	900
89199337	89210350	950
89210350	89213581	900
89213581	89215074	950
89215074	89215416	900
89215416	89216262	950
89216262	89218071	900
89218071	89228885	950
89228885	89229750	900
89229750	89234895	950
89234895	89235740	900
89235740	89236358	950
89236358	89237277	900
89237277	89245086	950
89245086	89246017	900
89246017	89256600	950
89256600	89258575	900
89258575	89259988	950
89259988	89271204	900
89271204	89275895	950
89275895	89287159	900
89287159	89301235	950
89301235	89310143	900
89310143	89326399	850
89326399	89346579	800
89346579	89347857	850
89347857	89350360	900
89350360	89350513	950
89350513	89384603	900
89384603	89398843	850
89398843	89402065	900
89402065	89413377	850
89413377	89436212	800
89436212	89469595	750
89469595	89471925	800
89471925	89552444	750
89552444	89588345	800
89588345	89593647	850
89593647	89710577	900
89710577	89720246	850
89720246	89721596	800
89721596	89736855	850
89736855	89739086	800
89739086	89740306	750
89740306	89777652	700
89777652	89795172	650
89795172	89811501	600
89811501	89850445	550
89850445	89870765	600
89870765	89876442	650
89876442	89882636	700
89882636	89915023	750
89915023	89922324	700
89922324	89937725	650
89937725	89938232	700
89938232	89938341	650
89938341	89939993	700
89939993	89941513	650
89941513	89945434	700
89945434	89947733	750
89947733	89952818	800
89952818	89965914	850
89965914	90069684	900
90069684	90142060	850
90142060	90175488	900
90175488	90184022	850
90184022	90207918	900
90207918	90234874	850
90234874	90314127	900
90314127	90323386	850
90323386	90372385	900
90372385	90381954	850
90381954	90393271	800
90393271	90398952	750
90398952	90404387	700
90404387	90417578	650
90417578	90423684	700
90423684	90436172	650
90436172	90504414	700
90504414	90506351	750
90506351	90543923	700
90543923	90607386	750
90607386	90620828	800
90620828	90760805	850
90760805	90767636	800
90767636	90770148	750
90770148	90771242	700
90771242	90861288	750
90861288	90864518	800
90864518	90866672	850
90866672	90912569	800
90912569	90930538	750
90930538	90944296	700
90944296	90964646	650
90964646	90981764	600
90981764	90988821	550
90988821	90993566	500
90993566	91042271	450
91042271	91044393	500
91044393	91049046	550
91049046	91061060	600
91061060	91084951	650
91084951	91086794	700
91086794	91165939	750
91165939	91169518	800
91169518	91240307	850
91240307	91281032	800
91281032	91286808	750
91286808	91384511	700
91384511	91401226	750
91401226	91401454	800
91401454	91401732	750
91401732	91405279	800
91405279	91406564	750
91406564	91416663	800
91416663	91419092	750
91419092	91419730	800
91419730	91420885	750
91420885	91424892	800
91424892	91425093	750
91425093	91426225	800
91426225	91426652	750
91426652	91463821	800
91463821	91470726	750
91470726	91476001	700
91476001	91483779	650
91483779	91489827	600
91489827	91498095	550
91498095	91502984	500
91502984	91515540	450
91515540	91548010	400
91548010	91627582	450
91627582	91631321	500
91631321	91633060	550
91633060	91636200	600
91636200	91651260	650
91651260	91663264	600
91663264	91707102	550
91707102	91711857	600
91711857	91717271	650
91717271	91718158	700
91718158	91719808	750
91719808	91722799	800
91722799	91746331	850
91746331	92015404	900
92015404	92035515	850
92035515	92108778	900
92108778	92125316	950
92125316	92245473	900
92245473	92257083	850
92257083	92283292	900
92283292	92303158	850
92303158	92309459	800
92309459	92380726	750
92380726	92386286	800
92386286	92446833	850
92446833	92452081	900
92452081	92591037	850
92591037	92598650	800
92598650	92618695	850
92618695	92678977	800
92678977	92712049	750
92712049	92727858	700
92727858	92750090	650
92750090	92751662	600
92751662	92766743	650
92766743	92768038	600
92768038	92768711	550
92768711	92771700	500
92771700	92772811	450
92772811	92814245	400
92814245	92889213	450
92889213	92889413	500
92889413	92996461	450
92996461	93007524	400
93007524	93065482	350
93065482	93073458	400
93073458	93116570	450
93116570	93135089	400
93135089	93179769	350
93179769	93244450	400
93244450	93249404	450
93249404	93257391	500
93257391	93259276	550
93259276	93261831	600
93261831	93262793	650
93262793	93264357	700
93264357	93271562	750
93271562	93286391	800
93286391	93324619	850
93324619	93461511	900
93461511	93470228	850
93470228	93484962	800
93484962	93540884	850
93540884	93562170	800
93562170	93562542	750
93562542	93565282	800
93565282	93574159	750
93574159	93579493	700
93579493	93583171	650
93583171	93616298	600
93616298	93616606	650
93616606	93617382	700
93617382	93619245	750
93619245	93639515	800
93639515	93650887	850
93650887	93673172	800
93673172	93699022	750
93699022	93706636	700
93706636	93710040	650
93710040	93711864	600
93711864	93815361	550
93815361	93815571	500
93815571	93819206	550
93819206	93826574	600
93826574	93826874	650
93826874	93827520	700
93827520	93829041	750
93829041	93831463	800
93831463	93914191	850
93914191	93919278	800
93919278	93925524	850
93925524	93965697	900
93965697	94003156	850
94003156	94032608	900
94032608	94035028	850
94035028	94054150	900
94054150	94123041	950
94123041	94158516	900
94158516	94297252	950
94297252	94299356	900
94299356	94300380	950
94300380	94315042	900
94315042	94525898	950
94525898	94526567	900
94526567	94534236	950
94534236	94543703	900
94543703	94544974	850
94544974	94607087	900
94607087	94610200	850
94610200	94611594	800
94611594	94612419	750
94612419	94612924	700
94612924	94613214	650
94613214	94613400	600
94613400	94615095	550
94615095	94623945	500
94623945	94666435	450
94666435	94680165	500
94680165	94695556	550
94695556	94712706	600
94712706	94720642	650
94720642	94745815	700
94745815	94749353	750
94749353	94751039	800
94751039	94757248	850
94757248	94761795	900
94761795	94772838	850
94772838	94843120	900
94843120	94856189	950
94856189	94866596	900
94866596	94873199	950
94873199	94873542	900
94873542	94966539	950
94966539	94994804	900
94994804	95067363	950
95067363	95072176	900
95072176	95415227	950
95415227	95415618	900
95415618	95441212	950
95441212	95461958	900
95461958	95621113	950
95621113	95624114	900
95624114	95737242	950
95737242	95767749	900
95767749	95807866	850
95807866	95810950	800
95810950	95812673	750
95812673	95817163	700
95817163	95821190	650
95821190	95824278	600
95824278	95827159	550
95827159	95829152	500
95829152	95837716	450
95837716	95874904	400
95874904	95884740	450
95884740	95926106	500
95926106	95928055	550
95928055	95929469	600
95929469	95929759	650
95929759	95930286	700
95930286	95931266	750
95931266	96006646	800
96006646	96013657	750
96013657	96016301	700
96016301	96027224	650
96027224	96034264	600
96034264	96037711	550
96037711	96039755	500
96039755	96041036	450
96041036	96110746	400
96110746	96112093	450
96112093	96114227	500
96114227	96116817	550
96116817	96117367	600
96117367	96118253	650
96118253	96119985	700
96119985	96123077	750
96123077	96128540	800
96128540	96140650	850
96140650	96230621	900
96230621	96254430	950
96254430	96255316	900
96255316	96257950	950
96257950	96319239	900
96319239	96321185	850
96321185	96323102	900
96323102	96338800	850
96338800	96369405	800
96369405	96423985	750
96423985	96425848	800
96425848	96429886	850
96429886	96500714	900
96500714	96501880	850
96501880	96594208	900
96594208	96744964	950
96744964	96745874	900
96745874	96802137	950
96802137	96806457	900
96806457	96807310	950
96807310	96808383	900
96808383	96813700	950
96813700	96817396	900
96817396	96827161	950
96827161	96834392	900
96834392	96853812	950
96853812	96854349	900
96854349	96877536	950
96877536	96884020	900
96884020	96890330	950
96890330	96890510	900
96890510	96911215	950
96911215	96912130	900
96912130	96913743	950
96913743	96914272	900
96914272	96917681	950
96917681	96920294	900
96920294	96944557	950
96944557	96954134	900
96954134	96957623	950
96957623	96958188	900
96958188	97002695	950
97002695	97012050	900
97012050	97020965	950
97020965	97023305	900
97023305	97079592	950
97079592	97106807	900
97106807	97122801	850
97122801	97149585	900
97149585	97164239	850
97164239	97169183	900
97169183	97170070	950
97170070	97171460	900
97171460	97541712	950
97541712	97547884	900
97547884	97554906	950
97554906	97556163	900
97556163	97557389	950
97557389	97558682	900
97558682	97607370	950
97607370	97611653	900
97611653	97642805	950
97642805	97649693	900
97649693	97680227	950
97680227	97699607	900
97699607	97911836	950
97911836	97917809	900
97917809	97922517	950
97922517	97960770	900
97960770	98033409	950
98033409	98034948	900
98034948	98044743	950
98044743	98046402	900
98046402	98050582	950
98050582	98054070	900
98054070	98668580	950
98668580	98683431	900
98683431	98704753	850
98704753	98707201	800
98707201	98709144	750
98709144	98711925	800
98711925	98714837	850
98714837	98723221	900
98723221	98723871	950
98723871	98726289	900
98726289	98727865	950
98727865	98784069	900
98784069	98785176	950
98785176	98802350	900
98802350	98803406	950
98803406	98803676	900
98803676	98804168	950
98804168	98804349	900
98804349	98812663	950
98812663	98813354	900
98813354	98814063	950
98814063	98816055	900
98816055	98910556	950
98910556	98927233	900
98927233	98931901	850
98931901	98935014	800
98935014	98949492	750
98949492	98962104	700
98962104	99043965	750
99043965	99051554	800
99051554	99057422	850
99057422	99108584	900
99108584	99368180	950
99368180	99458678	900
99458678	99486673	950
99486673	99588170	900
99588170	99725822	850
99725822	99745852	800
99745852	99768187	750
99768187	99812463	700
99812463	99815733	650
99815733	99818685	700
99818685	99830424	750
99830424	99841663	800
99841663	99861799	850
99861799	99868430	800
99868430	99913239	750
99913239	99994162	800
99994162	100076028	850
100076028	100161120	900
100161120	100448829	950
100448829	100500361	900
100500361	100963092	950
100963092	100963385	900
100963385	100974893	950
100974893	100977166	900
100977166	100983965	950
100983965	100986300	900
100986300	100992036	950
100992036	100993383	900
100993383	100994823	950
100994823	101078345	900
101078345	101143810	850
101143810	101305376	800
101305376	101385927	750
101385927	101400609	700
101400609	101412300	650
101412300	101423933	600
101423933	101453585	550
101453585	101481711	500
101481711	101485043	450
101485043	101487301	400
101487301	101488797	350
101488797	101493000	300
101493000	101497702	250
101497702	101537209	200
101537209	101554568	150
101554568	101579099	200
101579099	101591660	250
101591660	101594749	300
101594749	101597302	350
101597302	101601307	400
101601307	101617761	450
101617761	101662473	500
101662473	101743519	450
101743519	101758693	400
101758693	101834596	450
101834596	101841557	500
101841557	101879609	550
101879609	101967202	500
101967202	101999390	450
101999390	102039407	500
102039407	102054294	550
102054294	102064860	600
102064860	102071974	650
102071974	102078631	700
102078631	102085820	750
102085820	102093693	700
102093693	102142660	650
102142660	102232615	600
102232615	102275637	550
102275637	102285811	600
102285811	102286783	650
102286783	102289731	700
102289731	102316944	750
102316944	102364696	700
102364696	102425220	650
102425220	102427617	600
102427617	102441540	650
102441540	102442535	600
102442535	102447537	650
102447537	102452902	700
102452902	102463516	750
102463516	102467859	700
102467859	102469150	650
102469150	102539421	600
102539421	102579204	650
102579204	102593984	700
102593984	102604143	750
102604143	102648844	800
102648844	102786706	850
102786706	102811071	800
102811071	102851770	750
102851770	102882311	700
102882311	102888340	750
102888340	102891756	700
102891756	102900708	650
102900708	102919748	600
102919748	102929581	550
102929581	102950289	500
102950289	102985711	450
102985711	103041661	400
103041661	103051821	450
103051821	103070519	500
103070519	103089920	550
103089920	103239866	500
103239866	103268324	550
103268324	103272002	500
103272002	103376460	450
103376460	103387860	500
103387860	103397800	550
103397800	103415007	600
103415007	103455745	650
103455745	103473655	600
103473655	103488341	550
103488341	103489530	600
103489530	103494994	550
103494994	103578208	600
103578208	103611204	650
103611204	103613366	700
103613366	103617504	750
103617504	103649602	800
103649602	103693021	850
103693021	103758884	900
103758884	104279146	950
104279146	104314956	900
104314956	104520727	950
104520727	104599485	900
104599485	104754661	950
104754661	104757379	900
104757379	106368585	950
