0	15963028	950
18556123	18864568	900
18864568	18904427	850
18904427	18951416	800
18951416	19045521	750
19045521	19070281	700
19070281	19113292	650
19113292	19115346	600
19115346	19268764	550
19268764	19346112	600
19346112	19355148	650
19355148	19373268	700
19373268	19381872	750
19381872	19384570	800
19384570	19393845	850
19393845	19399285	800
19399285	19407001	750
19407001	19413507	700
19413507	19425504	650
19425504	19430431	600
19430431	19552666	550
19552666	19561261	500
19561261	19568419	550
19568419	19574795	600
19574795	19575675	650
19575675	19577962	700
19577962	19580560	750
19580560	19583714	800
19583714	19590802	850
19590802	19659767	900
19659767	19663523	850
19663523	19702945	900
19702945	19859012	950
19859012	19981297	900
19981297	20018199	850
20018199	20021260	800
20021260	20022762	750
20022762	20033968	700
20033968	20048316	650
20048316	20066996	600
20066996	20126709	550
20126709	20166932	600
20166932	20184786	650
20184786	20259873	800
20188314	20208536	550
20208536	20238777	500
20238777	20242518	450
20242518	20248327	400
20248327	20323356	350
20323356	20346522	400
20346522	20348052	450
20348052	20367665	500
20367665	20373153	550
20373153	20374914	600
20374914	20377483	650
20377483	20382824	700
20382824	20396567	750
20396567	20408494	800
20408494	20439795	850
20439795	20445111	800
20445111	20448069	750
20448069	20450444	800
20450444	20469059	750
20469059	20546357	800
20546357	20585639	850
20585639	20592315	900
20592315	20605016	850
20605016	20677057	800
20677057	20690138	850
20690138	20706127	900
20706127	20808574	950
20808574	20828500	900
20828500	20832121	850
20832121	20833196	800
20833196	20837043	750
20837043	20901937	700
20901937	20928675	750
20928675	20948466	800
20948466	21061652	750
21061652	21080523	800
21080523	21082447	850
21082447	21143240	900
21143240	21144337	850
21144337	21168028	900
21168028	21168728	850
21168728	21171534	900
21171534	21173314	850
21173314	21174023	900
21174023	21176685	850
21176685	21185913	900
21185913	21206351	950
21206351	21213266	900
21213266	21297446	950
21297446	21298219	900
21298219	21957875	950
21957875	21959096	900
21959096	22640328	950
22640328	22683894	900
22683894	22723758	850
22723758	22727424	800
22727424	22747299	750
22747299	22760446	700
22760446	22764613	650
22764613	22771388	600
22771388	22778561	550
22778561	22781879	500
22781879	22783822	450
22783822	22786673	400
22786673	22789449	350
22789449	22791860	300
22791860	22795411	250
22795411	22801938	200
22801938	22814045	150
22814045	22819429	200
22819429	22826545	250
22826545	22830959	300
22830959	22835668	350
22835668	22842203	400
22842203	22850482	450
22850482	22859776	500
22859776	22866035	550
22866035	22869580	600
22869580	22884060	650
22884060	22887197	700
22887197	22889814	750
22889814	22891886	800
22891886	22910885	850
22910885	23021311	900
23021311	23042048	850
23042048	23046458	800
23046458	23083330	850
23083330	23101437	900
23101437	23104096	850
23104096	23111228	900
23111228	23167569	850
23167569	23195293	900
23195293	23222506	850
23222506	23312800	800
23312800	23369224	850
23369224	23377564	900
23377564	23685379	950
23685379	23757094	900
23757094	23772887	850
23772887	23778821	900
23778821	23917144	850
23917144	23981900	800
23981900	23989296	850
23989296	24135009	900
24135009	24146547	850
24146547	24154172	800
24154172	24160277	750
24160277	24176694	700
24176694	24177899	750
24177899	24178763	700
24178763	24186009	750
24186009	24195714	800
24195714	24200083	850
24200083	24214009	800
24214009	24224209	750
24224209	24230605	700
24230605	24233920	650
24233920	24237017	600
24237017	24239097	550
24239097	24243468	500
24243468	24245879	450
24245879	24386641	400
24386641	24393735	450
24393735	24403738	500
24403738	24415937	550
24415937	24427615	600
24427615	24441245	650
24441245	24458440	700
24458440	24464591	750
24464591	24479256	800
24479256	24539215	850
24539215	24625519	900
24625519	24632591	850
24632591	24637918	800
24637918	24642887	750
24642887	24646759	800
24646759	24685259	850
24685259	24692635	800
24692635	24699602	750
24699602	24702678	700
24702678	24705485	650
24705485	24707795	600
24707795	24715369	550
24715369	24750069	500
24750069	24804631	550
24804631	24806075	600
24806075	24807889	550
24807889	24810738	600
24810738	24815021	650
24815021	24817636	700
24817636	24822866	750
24822866	24836542	800
24836542	24869117	850
24869117	24930422	900
24930422	24935974	850
24935974	24936391	900
24936391	24944593	850
24944593	24981399	800
24981399	25028845	750
25028845	25062184	800
25062184	25131847	850
25131847	25132664	800
25132664	25146443	850
25146443	25166505	800
25166505	25166677	850
25166677	25166802	800
25166802	25178430	850
25178430	25182884	800
25182884	25200194	850
25200194	25215548	900
25215548	25288267	850
25288267	25295184	800
25295184	25300278	850
25300278	25300860	800
25300860	25337510	850
25337510	25338472	900
25338472	25339460	850
25339460	25351701	900
25351701	25355280	850
25355280	25393777	900
25393777	25394490	950
25394490	25395099	900
25395099	25395329	950
25395329	25395534	900
25395534	25399689	950
25399689	25421862	900
25421862	25427908	950
25427908	25485065	900
25485065	25494999	850
25494999	25516185	900
25516185	25519213	850
25519213	25531440	900
25531440	25534201	850
25534201	25661134	900
25661134	25674871	850
25674871	25676161	800
25676161	25676778	750
25676778	25677561	700
25677561	25702673	650
25702673	25824596	700
25824596	25879897	650
25879897	25883919	700
25883919	25900256	750
25900256	25924016	800
25924016	25935126	850
25935126	25961002	900
25961002	25985265	950
25985265	26125444	900
26125444	26166480	850
26166480	26182077	900
26182077	26184056	950
26184056	26242490	900
26242490	26244032	850
26244032	26245390	900
26245390	26248262	850
26248262	26265970	900
26265970	26505714	950
26505714	26525801	900
26525801	26531556	850
26531556	26539363	800
26539363	26546343	750
26546343	26605457	800
26605457	26637411	850
26637411	26726041	800
26726041	26731557	750
26731557	26738137	800
26738137	26749980	750
26749980	26765249	800
26765249	26793000	850
26793000	26881061	900
26881061	26882387	850
26882387	26889050	900
26889050	26903807	850
26903807	26911544	800
26911544	26947660	850
26947660	26971287	900
26971287	26972048	850
26972048	26974961	900
26974961	26980520	850
26980520	27013416	900
27013416	27015101	850
27015101	27017836	800
27017836	27019353	750
27019353	27058958	700
27058958	27097115	750
27097115	27128088	800
27128088	27129356	850
27129356	27132342	800
27132342	27135364	850
27135364	27138416	800
27138416	27178562	850
27178562	27198900	900
27198900	27203911	850
27203911	27288474	900
27288474	27291437	950
27291437	27304662	900
27304662	27322665	950
27322665	27325846	900
27325846	27350561	950
27350561	27377540	900
27377540	27400294	850
27400294	27410923	900
27410923	27433021	850
27433021	27443326	800
27443326	27445892	850
27445892	27446572	900
27446572	27446708	850
27446708	27473625	900
27473625	27481319	850
27481319	27485581	900
27485581	27491896	850
27491896	27504091	800
27504091	27538662	750
27538662	27560601	800
27560601	27568226	850
27568226	27580925	800
27580925	27593955	750
27593955	27600181	700
27600181	27665132	650
27665132	27698606	600
27698606	27738968	550
27738968	27762151	500
27762151	27762967	550
27762967	27766945	500
27766945	27770426	550
27770426	27772102	600
27772102	27772987	650
27772987	27774768	700
27774768	27778017	750
27778017	27781344	800
27781344	27859042	850
27859042	27861536	800
27861536	27917025	750
27917025	27924444	800
27924444	27929327	850
27929327	27931218	800
27931218	27966168	850
27966168	27969583	900
27969583	27969897	850
27969897	28024596	900
28024596	28029784	950
28029784	28031207	900
28031207	28036747	950
28036747	28037075	900
28037075	28072252	950
28072252	28156297	900
28156297	28175673	850
28175673	28193456	800
28193456	28220846	850
28220846	28333293	900
28333293	28342950	950
28342950	28379988	900
28379988	28396926	950
28396926	28397194	900
28397194	28398110	950
28398110	28399686	900
28399686	28430476	950
28430476	28476536	900
28476536	28500619	850
28500619	28508924	800
28508924	28520117	850
28520117	28549787	900
28549787	28550891	850
28550891	28609746	900
28609746	28610654	950
28610654	28635474	900
28635474	28646697	950
28646697	28676714	900
28676714	28696137	950
28696137	28700003	900
28700003	28751743	950
28751743	28752933	900
28752933	28899510	950
28899510	28912629	900
28912629	28945532	950
28945532	28967027	900
28967027	28972972	850
28972972	28980784	800
28980784	29004044	750
29004044	29017407	800
29017407	29066777	850
29066777	29148468	900
29148468	29150928	850
29150928	29177899	900
29177899	29186389	850
29186389	29191263	900
29191263	29219276	850
29219276	29222464	800
29222464	29225850	750
29225850	29287341	700
29287341	29316167	750
29316167	29316279	800
29316279	29324923	750
29324923	29331024	800
29331024	29366400	850
29366400	29380644	900
29380644	29380781	950
29380781	29381168	900
29381168	29383489	950
29383489	29384624	900
29384624	29386143	950
29386143	29386692	900
29386692	29389609	950
29389609	29390391	900
29390391	29390902	950
29390902	29391384	900
29391384	29395088	950
29395088	29395383	900
29395383	29395632	950
29395632	29396988	900
29396988	29428866	950
29428866	29430159	900
29430159	29501657	950
29501657	29513205	900
29513205	29578787	950
29578787	29579357	900
29579357	29645552	950
29645552	29645789	900
29645789	29653701	950
29653701	29655194	900
29655194	29657985	950
29657985	29669924	900
29669924	29679191	850
29679191	29731116	800
29731116	29770657	850
29770657	29844336	900
29844336	29861035	950
29861035	29871977	900
29871977	29877501	950
29877501	29878510	900
29878510	29881981	950
29881981	29882529	900
29882529	29887086	950
29887086	29909963	900
29909963	29922857	850
29922857	29941797	800
29941797	29946798	850
29946798	29955760	900
29955760	30033107	950
30033107	30045031	900
30045031	30056597	850
30056597	30065305	800
30065305	30079294	750
30079294	30134466	700
30134466	30136633	750
30136633	30138320	800
30138320	30147315	850
30147315	30241285	900
30241285	30243058	950
30243058	30243112	900
30243112	30336950	950
30336950	30337733	900
30337733	30338745	950
30338745	30339220	900
30339220	30347039	950
30347039	30389559	900
30389559	30418777	850
30418777	30460123	900
30460123	30481929	950
30481929	30495721	900
30495721	30516187	950
30516187	30523562	900
30523562	30549164	950
30549164	30549421	900
30549421	30551599	950
30551599	30552032	900
30552032	30553478	950
30553478	30564959	900
30564959	30571607	950
30571607	30599545	900
30599545	30601618	850
30601618	30602445	800
30602445	30602857	750
30602857	30603059	700
30603059	30646811	650
30646811	30659251	700
30659251	30797608	750
30797608	30833698	800
30833698	30836472	850
30836472	30871055	900
30871055	30910749	950
30910749	30923229	900
30923229	30956340	950
30956340	30973026	900
30973026	30984565	950
30984565	31202910	900
31202910	31217684	850
31217684	31224593	800
31224593	31235561	750
31235561	31276212	700
31276212	31314452	750
31314452	31325164	800
31325164	31331755	850
31331755	31374332	800
31374332	31408554	850
31408554	31419309	800
31419309	31439187	850
31439187	31441640	900
31441640	31443185	850
31443185	31456733	900
31456733	31493509	850
31493509	31510184	800
31510184	31514522	750
31514522	31559866	800
31559866	31568750	850
31568750	31606452	800
31606452	31609376	750
31609376	31616451	800
31616451	31617610	750
31617610	31642932	700
31642932	31643437	650
31643437	31644793	700
31644793	31645558	650
31645558	31647242	700
31647242	31686398	650
31686398	31687700	700
31687700	31704056	750
31704056	31708525	700
31708525	31712149	650
31712149	31717318	700
31717318	31742679	650
31742679	31765451	700
31765451	31767366	650
31767366	31788252	600
31788252	31789080	550
31789080	31789554	500
31789554	31794876	450
31794876	31804360	400
31804360	31821053	350
31821053	31871180	400
31871180	31874368	450
31874368	31875539	500
31875539	31877176	550
31877176	31880105	600
31880105	31883713	650
31883713	31887484	700
31887484	31888378	650
31888378	31930116	600
31930116	31947526	550
31947526	31978191	500
31978191	32054555	450
32054555	32115079	400
32115079	32262262	350
32262262	32268634	400
32268634	32275328	450
32275328	32277327	500
32277327	32280886	550
32280886	32287473	600
32287473	32315867	650
32315867	32375484	700
32375484	32377795	750
32377795	32378165	700
32378165	32402210	750
32402210	32410587	800
32410587	32488901	850
32488901	32507074	800
32507074	32521884	750
32521884	32526112	700
32526112	32531562	650
32531562	32542128	700
32542128	32552612	750
32552612	32568844	800
32568844	32574220	750
32574220	32581497	700
32581497	32582452	650
32582452	32582899	700
32582899	32584563	650
32584563	32598088	700
32598088	32613054	650
32613054	32620051	700
32620051	32630636	750
32630636	32659470	800
32659470	32665833	850
32665833	32667704	800
32667704	32678509	850
32678509	32701057	900
32701057	32702797	850
32702797	32733568	900
32733568	32734313	850
32734313	32756302	900
32756302	32757582	850
32757582	32856043	900
32856043	32941405	950
32941405	32981124	900
32981124	33009054	950
33009054	33026473	900
33026473	33054190	950
33054190	33078620	900
33078620	33148368	950
33148368	33149134	900
33149134	33287234	950
33287234	33296759	900
33296759	33315980	850
33315980	33357677	900
33357677	33385208	950
33385208	33394659	900
33394659	33405291	950
33405291	33405779	900
33405779	33434484	950
33434484	33443026	900
33443026	33458250	950
33458250	33484575	900
33484575	33650121	950
33650121	33652206	900
33652206	33661545	950
33661545	33674157	900
33674157	33679921	950
33679921	33686385	900
33686385	33693572	950
33693572	33699324	900
33699324	33730918	950
33730918	33767139	900
33767139	33771046	950
33771046	33775600	900
33775600	33789919	950
33789919	33824281	900
33824281	33877887	950
33877887	33884325	900
33884325	33928135	950
33928135	33994075	900
33994075	34038326	950
34038326	34286874	900
34286874	34300917	850
34300917	34326510	900
34326510	34332346	850
34332346	34346419	800
34346419	34364837	750
34364837	34370763	800
34370763	34376289	750
34376289	34389857	700
34389857	34390610	650
34390610	34390777	700
34390777	34409365	650
34409365	34500896	600
34500896	34634875	550
34634875	34658490	500
34658490	34691134	550
34691134	34734261	600
34734261	34825157	650
34825157	34850613	700
34850613	34862826	650
34862826	34878138	700
34878138	34908765	750
34908765	34911485	700
34911485	34939450	750
34939450	34944005	800
34944005	34945224	750
34945224	34946911	700
34946911	34949200	650
34949200	34974902	700
34974902	34997734	750
34997734	34998912	800
34998912	35005715	750
35005715	35010317	800
35010317	35051953	750
35051953	35136745	700
35136745	35143516	650
35143516	35144777	600
35144777	35147779	650
35147779	35155379	700
35155379	35171408	750
35171408	35174720	800
35174720	35181829	850
35181829	35192851	800
35192851	35200943	750
35200943	35201209	800
35201209	35204046	750
35204046	35207607	800
35207607	35215542	750
35215542	35221112	700
35221112	35233264	650
35233264	35239827	600
35239827	35249557	550
35249557	35254706	600
35254706	35291531	650
35291531	35295070	700
35295070	35296456	750
35296456	35301827	800
35301827	35305321	750
35305321	35315540	700
35315540	35315929	650
35315929	35316230	700
35316230	35316493	650
35316493	35316753	700
35316753	35322035	650
35322035	35324670	700
35324670	35325832	750
35325832	35328111	800
35328111	35332430	850
35332430	35415516	900
35415516	35420752	850
35420752	35491110	900
35491110	35492255	850
35492255	35508904	900
35508904	35586214	850
35586214	35586900	800
35586900	35595103	850
35595103	35599593	800
35599593	35635790	850
35635790	35683706	800
35683706	35736060	750
35736060	35778296	700
35778296	35809035	650
35809035	35825032	700
35825032	35832843	750
35832843	35896706	800
35896706	35917305	750
35917305	35918167	800
35918167	35922486	850
35922486	36010628	900
36010628	36015397	950
36015397	36027363	900
36027363	36049978	950
36049978	36052041	900
36052041	36071051	950
36071051	36072115	900
36072115	36076415	950
36076415	36079504	900
36079504	36118849	950
36118849	36119519	900
36119519	36157269	950
36157269	36158333	900
36158333	36163764	950
36163764	36170217	900
36170217	36224526	950
36224526	36226683	900
36226683	36259700	950
36259700	36290443	900
36290443	36315487	850
36315487	36323991	800
36323991	36338428	850
36338428	36342819	900
36342819	36344095	850
36344095	36357039	800
36357039	36397191	850
36397191	36399091	800
36399091	36413446	750
36413446	36414914	700
36414914	36415731	650
36415731	36419854	600
36419854	36435626	550
36435626	36468231	500
36468231	36503508	450
36503508	36537947	500
36537947	36541222	550
36541222	36547451	600
36547451	36563302	650
36563302	36568674	700
36568674	36651509	750
36651509	36734719	800
36734719	36791011	850
36791011	36816345	900
36816345	36819555	850
36819555	36919881	900
36919881	36921428	850
36921428	36922346	900
36922346	36930273	850
36930273	36967245	900
36967245	36996091	850
36996091	37023842	800
37023842	37026614	750
37026614	37029868	700
37029868	37031680	650
37031680	37035887	600
37035887	37058847	550
37058847	37112992	600
37112992	37131383	650
37131383	37135455	700
37135455	37135665	650
37135665	37165460	700
37165460	37185944	750
37185944	37187224	800
37187224	37204758	850
37204758	37232111	800
37232111	37251279	850
37251279	37254113	800
37254113	37261251	850
37261251	37342023	900
37342023	37342777	850
37342777	37396660	900
37396660	37402976	850
37402976	37467365	900
37467365	37468551	850
37468551	37810943	900
37810943	37817890	850
37817890	37858602	800
37858602	38009176	850
38009176	38011084	800
38011084	38085520	850
38085520	38107938	800
38107938	38128797	750
38128797	38131992	700
38131992	38143022	650
38143022	38151607	600
38151607	38156582	550
38156582	38159839	500
38159839	38164732	450
38164732	38168411	500
38168411	38172670	550
38172670	38179145	600
38179145	38194528	650
38194528	38217550	700
38217550	38247494	750
38247494	38248823	800
38248823	38262749	850
38262749	38274699	900
38274699	38292378	850
38292378	38292822	900
38292822	38298811	850
38298811	38303935	800
38303935	38313999	750
38313999	38329228	700
38329228	38356124	650
38356124	38364213	700
38364213	38369442	750
38369442	38423487	800
38423487	38437756	750
38437756	38442496	700
38442496	38445222	750
38445222	38447158	700
38447158	38458365	650
38458365	38471415	600
38471415	38492333	550
38492333	38509074	500
38509074	38525984	550
38525984	38546181	600
38546181	38566072	650
38566072	38574386	700
38574386	38591109	750
38591109	38594533	800
38594533	38594738	750
38594738	38646099	800
38646099	38647928	850
38647928	38648210	800
38648210	38658789	850
38658789	38659185	800
38659185	38727779	850
38727779	38810321	900
38810321	38819828	850
38819828	38820927	900
38820927	38823605	850
38823605	38862363	900
38862363	38864461	950
38864461	38883477	900
38883477	38885720	950
38885720	38887763	900
38887763	38888537	950
38888537	38893875	900
38893875	38917087	950
38917087	38918461	900
38918461	38922236	950
38922236	38976594	900
38976594	38986663	950
38986663	39005119	900
39005119	39007011	850
39007011	39007544	900
39007544	39008580	850
39008580	39034775	900
39034775	39036507	850
39036507	39070120	900
39070120	39070342	850
39070342	39071214	900
39071214	39072705	850
39072705	39106290	900
39106290	39111024	850
39111024	39129927	800
39129927	39194192	750
39194192	39227244	800
39227244	39228938	750
39228938	39229769	800
39229769	39245923	750
39245923	39248165	800
39248165	39252145	750
39252145	39254501	800
39254501	39258642	750
39258642	39268833	800
39268833	39281473	850
39281473	39294988	900
39294988	39314154	850
39314154	39357826	900
39357826	39359578	950
39359578	39360174	900
39360174	39415646	950
39415646	39495211	900
39495211	39516078	850
39516078	39524514	900
39524514	39526069	850
39526069	39527610	900
39527610	39528579	850
39528579	39531770	900
39531770	39532919	850
39532919	39548079	900
39548079	39561333	950
39561333	39586675	900
39586675	39588607	850
39588607	39599088	900
39599088	39651044	950
39651044	39655210	900
39655210	39656803	950
39656803	39658014	900
39658014	39659032	950
39659032	39660840	900
39660840	39662542	950
39662542	39664968	900
39664968	39702998	950
39702998	39703761	900
39703761	39705864	950
39705864	39709354	900
39709354	39903973	950
39903973	39904867	900
39904867	39906971	950
39906971	39907615	900
39907615	39908520	950
39908520	39962330	900
39962330	39963733	850
39963733	39963842	900
39963842	39991691	850
39991691	40005951	800
40005951	40009827	750
40009827	40021123	700
40021123	40026428	650
40026428	40029692	600
40029692	40032858	550
40032858	40036816	600
40036816	40040999	650
40040999	40041117	600
40041117	40041174	650
40041174	40120757	600
40120757	40149107	650
40149107	40267402	700
40267402	40392678	650
40392678	40426073	600
40426073	40531506	650
40531506	40558782	600
40558782	40585676	650
40585676	40587174	700
40587174	40589392	750
40589392	40663233	800
40663233	40667172	750
40667172	40669279	800
40669279	40678856	850
40678856	40744139	800
40744139	40767343	850
40767343	40866208	800
40866208	40897981	850
40897981	40926757	900
40926757	40936663	850
40936663	40959209	800
40959209	40961218	850
40961218	40970120	800
40970120	41020295	850
41020295	41027964	800
41027964	41040382	750
41040382	41041949	700
41041949	41079441	750
41079441	41140414	700
41140414	41141808	650
41141808	41142177	700
41142177	41143292	650
41143292	41148754	700
41148754	41153277	650
41153277	41163318	700
41163318	41182279	650
41182279	41197665	700
41197665	41229558	650
41229558	41412844	600
41412844	41444483	650
41444483	41457446	700
41457446	41514180	750
41514180	41529999	700
41529999	41541314	750
41541314	41571068	700
41571068	41600746	650
41600746	41605769	600
41605769	41653405	550
41653405	41658879	600
41658879	41666552	550
41666552	41683794	600
41683794	41685693	650
41685693	41688019	700
41688019	41712771	650
41712771	41727988	600
41727988	41735488	550
41735488	41737601	500
41737601	41740235	450
41740235	41742957	400
41742957	41745413	350
41745413	41747283	300
41747283	41793230	250
41793230	41796372	300
41796372	41800202	350
41800202	41806839	400
41806839	41816100	450
41816100	41824234	500
41824234	41830493	550
41830493	41834933	600
41834933	41839043	650
41839043	41845585	700
41845585	41850099	750
41850099	41859671	700
41859671	41876664	650
41876664	41878511	700
41878511	41995500	750
41995500	41999560	800
41999560	42005701	850
42005701	42019812	800
42019812	42070537	750
42070537	42080280	700
42080280	42082393	750
42082393	42121717	800
42121717	42133835	750
42133835	42145554	800
42145554	42146063	750
42146063	42170069	800
42170069	42211427	850
42211427	42248278	800
42248278	42267418	750
42267418	42299640	800
42299640	42301022	850
42301022	42306779	900
42306779	42335361	850
42335361	42358981	900
42358981	42378966	850
42378966	42399459	900
42399459	42422038	850
42422038	42427592	800
42427592	42432939	850
42432939	42446592	800
42446592	42465235	850
42465235	42469205	900
42469205	42469252	850
42469252	42498217	900
42498217	42531397	850
42531397	42579948	800
42579948	42588042	750
42588042	42590737	800
42590737	42591452	850
42591452	42596081	900
42596081	42611309	950
42611309	42611759	900
42611759	42615026	950
42615026	42616791	900
42616791	42619876	950
42619876	42621026	900
42621026	42624034	950
42624034	42624444	900
42624444	42626304	950
42626304	42626619	900
42626619	42659263	950
42659263	42660873	900
42660873	42662861	950
42662861	42706726	900
42706726	42711372	850
42711372	42720192	900
42720192	42722817	850
42722817	42736700	900
42736700	42738946	850
42738946	42739917	900
42739917	42760628	850
42760628	42767457	900
42767457	42783292	850
42783292	42784298	900
42784298	42784627	850
42784627	42792226	900
42792226	42793101	850
42793101	42807053	800
42807053	42815627	850
42815627	42818737	800
42818737	42820685	850
42820685	42829425	900
42829425	42830025	850
42830025	42831247	900
42831247	42834409	850
42834409	42835222	900
42835222	42836615	850
42836615	42843536	900
42843536	42867838	850
42867838	42890090	800
42890090	42893127	850
42893127	42915812	800
42915812	42919699	850
42919699	42960552	800
42960552	42981074	850
42981074	43010412	800
43010412	43016495	850
43016495	43017607	800
43017607	43025893	850
43025893	43033192	800
43033192	43036348	850
43036348	43048713	800
43048713	43061482	850
43061482	43081140	900
43081140	43096499	850
43096499	43107030	800
43107030	43123051	750
43123051	43129029	800
43129029	43129240	850
43129240	43137464	900
43137464	43145599	850
43145599	43149768	800
43149768	43154359	750
43154359	43196238	700
43196238	43217526	650
43217526	43239289	700
43239289	43242305	750
43242305	43243397	800
43243397	43253214	850
43253214	43260340	800
43260340	43276048	850
43276048	43276591	900
43276591	43276924	850
43276924	43279936	900
43279936	43287489	850
43287489	43296709	800
43296709	43324328	750
43324328	43364051	700
43364051	43377734	750
43377734	43388633	800
43388633	43439723	850
43439723	43445967	900
43445967	43460359	850
43460359	43482697	900
43482697	43495547	850
43495547	43516449	900
43516449	43518192	850
43518192	43523988	900
43523988	43524570	850
43524570	43534740	900
43534740	43539895	950
43539895	43540421	900
43540421	43541988	950
43541988	43557859	900
43557859	43565954	950
43565954	43566616	900
43566616	43567302	950
43567302	43591255	900
43591255	43594701	850
43594701	43595214	900
43595214	43596702	850
43596702	43598055	900
43598055	43627508	850
43627508	43634869	800
43634869	43644731	850
43644731	43806019	900
43806019	43807222	850
43807222	43810794	900
43810794	43819424	850
43819424	43888985	800
43888985	43898222	750
43898222	43901744	700
43901744	43906714	650
43906714	43909078	600
43909078	43929402	650
43929402	43995336	700
43995336	43996963	650
43996963	44000684	600
44000684	44008271	550
44008271	44021474	500
44021474	44041248	550
44041248	44049198	500
44049198	44068937	550
44068937	44095100	600
44095100	44104342	650
44104342	44110935	700
44110935	44126128	750
44126128	44134081	800
44134081	44140450	850
44140450	44140895	900
44140895	44141135	850
44141135	44165147	900
44165147	44171410	850
44171410	44374103	900
44374103	44376800	850
44376800	44391467	800
44391467	44411918	750
44411918	44510995	700
44510995	44514520	750
44514520	44522632	800
44522632	44527390	850
44527390	44528222	800
44528222	44544714	850
44544714	44593624	800
44593624	44597071	750
44597071	44619722	700
44619722	44723517	650
44723517	44769914	700
44769914	44780696	750
44780696	44793623	800
44793623	44801561	750
44801561	44851996	700
44851996	44885920	650
44885920	44893091	700
44893091	44931762	750
44931762	44937405	700
44937405	44940804	650
44940804	44951645	600
44951645	44954181	550
44954181	44955640	600
44955640	44966317	550
44966317	44979877	600
44979877	44991843	550
44991843	44999608	600
44999608	45009397	650
45009397	45016511	700
45016511	45050333	750
45050333	45053586	800
45053586	45182826	850
45182826	45187712	800
45187712	45194220	850
45194220	45220235	900
45220235	45221542	850
45221542	45255155	900
45255155	45256832	850
45256832	45318366	900
45318366	45326521	850
45326521	45368468	900
45368468	45395939	850
45395939	45397737	800
45397737	45409678	750
45409678	45411474	700
45411474	45412494	650
45412494	45413145	600
45413145	45413527	550
45413527	45423785	500
45423785	45529883	450
45529883	45534530	500
45534530	45536594	550
45536594	45556956	600
45556956	45577704	650
45577704	45581698	700
45581698	45582287	750
45582287	45583833	800
45583833	45585381	850
45585381	45607339	800
45607339	45616902	750
45616902	45620988	700
45620988	45621879	750
45621879	45640968	800
45640968	45647651	850
45647651	45649959	900
45649959	45699322	850
45699322	45701861	800
45701861	45752942	850
45752942	45799615	900
45799615	45802956	850
45802956	45942369	800
45942369	45950280	850
45950280	45979432	900
45979432	45986565	850
45986565	45988480	900
45988480	46003724	850
46003724	46013238	900
46013238	46019341	850
46019341	46025220	900
46025220	46034305	850
46034305	46056943	900
46056943	46153742	850
46153742	46160670	800
46160670	46164194	750
46164194	46203242	800
46203242	46217304	750
46217304	46221699	800
46221699	46222242	850
46222242	46223791	800
46223791	46240153	850
46240153	46245887	800
46245887	46262342	750
46262342	46287910	800
46287910	46297715	850
46297715	46301097	800
46301097	46303914	750
46303914	46308613	700
46308613	46312839	750
46312839	46317294	800
46317294	46326475	850
46326475	46337650	900
46337650	46363201	850
46363201	46370208	800
46370208	46402012	850
46402012	46495166	900
46495166	46498203	850
46498203	47104643	900
47104643	47311526	850
47311526	47338835	800
47338835	47343195	750
47343195	47407062	700
47407062	47413937	650
47413937	47497292	600
47497292	47592071	650
47592071	47596439	700
47596439	47604303	650
47604303	47615794	700
47615794	47626844	750
47626844	47628180	700
47628180	47655425	650
47655425	47659913	600
47659913	47679973	650
47679973	47684047	600
47684047	47693446	650
47693446	47700266	600
47700266	47706787	550
47706787	47728983	500
47728983	47730053	450
47730053	47774573	500
47774573	47786167	450
47786167	47821290	400
47821290	47841504	350
47841504	47928265	300
47928265	47960019	350
47960019	48013126	400
48013126	48042066	450
48042066	48064431	500
48064431	48069494	550
48069494	48093186	600
48093186	48156598	650
48156598	48173998	700
48173998	48181523	650
48181523	48182339	700
48182339	48184438	750
48184438	48275655	800
48275655	48301288	850
48301288	48302092	800
48302092	48310310	850
48310310	48317851	800
48317851	48324542	850
48324542	48396815	800
48396815	48406531	750
48406531	48435210	700
48435210	48436784	650
48436784	48437999	600
48437999	48438651	550
48438651	48441428	500
48441428	48452654	450
48452654	48690997	400
48690997	48719904	450
48719904	48720476	500
48720476	48767134	450
48767134	48790214	500
48790214	48800571	550
48800571	48810233	600
48810233	48859482	650
48859482	48874822	700
48874822	48890296	750
48890296	48900976	700
48900976	48903192	650
48903192	48919640	600
48919640	48947781	550
48947781	48962943	500
48962943	48978972	550
48978972	49040305	600
49040305	49103259	650
49103259	49120696	700
49120696	49131178	650
49131178	49155336	600
49155336	49162961	550
49162961	49165767	500
49165767	49240566	450
49240566	49258571	500
49258571	49279345	550
49279345	49307714	600
49307714	49322580	650
49322580	49366677	700
49366677	49375232	650
49375232	49380832	600
49380832	49449604	550
49449604	49500732	500
49500732	49613616	550
49613616	49621933	600
49621933	49627141	650
49627141	49632760	700
49632760	49644862	750
49644862	49651994	800
49651994	49653384	850
49653384	49743713	800
49743713	49747269	850
49747269	49781300	800
49781300	49784262	850
49784262	49839516	800
49839516	49843167	850
49843167	49889949	800
49889949	49896424	750
49896424	49935520	800
49935520	49941355	750
49941355	49952375	800
49952375	49957907	850
49957907	49958623	800
49958623	50014985	850
50014985	50018013	800
50018013	50046420	850
50046420	50065091	800
50065091	50069718	850
50069718	50076916	900
50076916	50145618	850
50145618	50149714	900
50149714	50150232	850
50150232	50154880	900
50154880	50221883	850
50221883	50268288	900
50268288	50281312	850
50281312	50282029	800
50282029	50300846	850
50300846	50302328	800
50302328	50369927	850
50369927	50389017	800
50389017	50444171	750
50444171	50450116	800
50450116	50492697	850
50492697	50502656	800
50502656	50562708	850
50562708	50597367	900
50597367	50597755	850
50597755	50647272	900
50647272	50719550	850
50719550	50730144	800
50730144	50742772	850
50742772	50743482	800
50743482	50760400	850
50760400	50763762	800
50763762	50766564	750
50766564	50779549	700
50779549	50793872	650
50793872	50815712	600
50815712	50824973	550
50824973	50831399	500
50831399	50894025	450
50894025	50916987	500
50916987	50932276	550
50932276	50973460	600
50973460	50976282	650
50976282	50981246	700
50981246	51021992	750
51021992	51088655	700
51088655	51236078	650
51236078	51246277	700
51246277	51312457	750
51312457	51320169	700
51320169	51325373	650
51325373	51377997	600
51377997	51395124	550
51395124	51401367	500
51401367	51439633	450
51439633	51445560	400
51445560	51633619	350
51633619	51638578	400
51638578	51773989	350
51773989	51839175	300
51839175	51916050	250
51916050	51944705	300
51944705	52015780	350
52015780	52113467	400
52113467	52187137	350
52187137	52187321	400
52187321	52204521	450
52204521	52206715	500
52206715	52208801	550
52208801	52236791	600
52236791	52237313	650
52237313	52238523	700
52238523	52240424	750
52240424	52271205	800
52271205	52276806	850
52276806	52278533	800
52278533	52280660	850
52280660	52306604	800
52306604	52309543	850
52309543	52312230	800
52312230	52314912	750
52314912	52316190	700
52316190	52324723	650
52324723	52346659	700
52346659	52367837	750
52367837	52374136	800
52374136	52379106	750
52379106	52388029	800
52388029	52410903	850
52410903	52421277	900
52421277	52422305	850
52422305	52426393	900
52426393	52429779	850
52429779	52433178	900
52433178	52454351	850
52454351	52461455	900
52461455	52477398	850
52477398	52477815	900
52477815	52478570	850
52478570	52502889	900
52502889	52508803	850
52508803	52509560	800
52509560	52509603	850
52509603	52509856	800
52509856	52513713	850
52513713	52515525	800
52515525	52520429	750
52520429	52525396	700
52525396	52534318	750
52534318	52550488	800
52550488	52552996	750
52552996	52560038	800
52560038	52565882	750
52565882	52573907	800
52573907	52575853	750
52575853	52576514	800
52576514	52589323	750
52589323	52597938	800
52597938	52624147	750
52624147	52635322	800
52635322	52636963	850
52636963	52637897	800
52637897	52640503	850
52640503	52643290	800
52643290	52666525	750
52666525	52682518	700
52682518	52692990	750
52692990	52722510	800
52722510	52759925	750
52759925	52773024	800
52773024	52779218	750
52779218	52791637	800
52791637	52803389	750
52803389	52833866	800
52833866	52850692	750
52850692	52877482	800
52877482	52884875	850
52884875	52889024	800
52889024	52903139	750
52903139	52911296	700
52911296	52914111	750
52914111	52920795	700
52920795	52935532	750
52935532	52939693	800
52939693	52946289	850
52946289	52990530	900
52990530	53004190	850
53004190	53027765	900
53027765	53031089	850
53031089	53036648	900
53036648	53052369	850
53052369	53079294	900
53079294	53082536	850
53082536	53084882	900
53084882	53085234	850
53085234	53097270	900
53097270	53106585	850
53106585	53109624	800
53109624	53149710	750
53149710	53163631	800
53163631	53166686	850
53166686	53177596	900
53177596	53199300	850
53199300	53207187	900
53207187	53212370	850
53212370	53244331	800
53244331	53282098	750
53282098	53282980	800
53282980	53287111	750
53287111	53291607	800
53291607	53294823	750
53294823	53300029	800
53300029	53316003	850
53316003	53324579	800
53324579	53347475	850
53347475	53349960	900
53349960	53353140	850
53353140	53376870	900
53376870	53381643	850
53381643	53385384	800
53385384	53392691	850
53392691	53426557	900
53426557	53429352	850
53429352	53430492	900
53430492	53443245	950
53443245	53465479	900
53465479	53470228	950
53470228	53471071	900
53471071	53471978	950
53471978	53490416	900
53490416	53519527	950
53519527	53525506	900
53525506	53571332	950
53571332	53573541	900
53573541	53582510	950
53582510	53592360	900
53592360	53633962	850
53633962	53640685	800
53640685	53655122	850
53655122	53662939	800
53662939	53681713	750
53681713	53693957	800
53693957	53715017	850
53715017	53729255	900
53729255	53742310	950
53742310	53744456	900
53744456	53795482	950
53795482	53796346	900
53796346	53844119	950
53844119	53848581	900
53848581	53863166	950
53863166	53881625	900
53881625	53898185	950
53898185	53902506	900
53902506	53915927	950
53915927	53932073	900
53932073	54005629	950
54005629	54006670	900
54006670	54008730	950
54008730	54011919	900
54011919	54016431	950
54016431	54041915	900
54041915	54055861	950
54055861	54076224	900
54076224	54090706	850
54090706	54133090	900
54133090	54144355	950
54144355	54151008	900
54151008	54207549	950
54207549	54253508	900
54253508	54272797	950
54272797	54313059	900
54313059	54407334	850
54407334	54451286	900
54451286	54452624	950
54452624	54453698	900
54453698	54503174	950
54503174	54527934	900
54527934	54535806	950
54535806	54536412	900
54536412	54550090	950
54550090	54574493	900
54574493	54576991	950
54576991	54594261	900
54594261	54608629	850
54608629	54638973	800
54638973	54674425	850
54674425	54719045	900
54719045	54778855	850
54778855	54811680	900
54811680	54812785	850
54812785	54898441	800
54898441	54916161	850
54916161	54917400	900
54917400	54941304	850
54941304	54986828	900
54986828	54987753	850
54987753	55021485	800
55021485	55034144	850
55034144	55148229	900
55148229	55158383	950
55158383	55203866	900
55203866	55252719	950
55252719	55280658	900
55280658	55482220	950
55482220	55709759	900
55709759	55724393	950
55724393	56008726	900
56008726	56009654	950
56009654	56243068	900
56243068	56244656	850
56244656	56317455	900
56317455	56336900	850
56336900	56456293	900
56456293	56527433	850
56527433	56560362	800
56560362	56567439	850
56567439	56609510	800
56609510	56672509	850
56672509	56675189	800
56675189	56675977	850
56675977	56721352	800
56721352	56726435	850
56726435	56728081	800
56728081	56760548	850
56760548	56983425	800
56983425	57047668	750
57047668	57068434	700
57068434	57085948	650
57085948	57086778	600
57086778	57089436	650
57089436	57090437	600
57090437	57090494	650
57090494	57100062	600
57100062	57101710	550
57101710	57101713	600
57101713	57108209	550
57108209	57110957	600
57110957	57115397	550
57115397	57142504	600
57142504	57143671	650
57143671	57144106	700
57144106	57144694	750
57144694	57149281	800
57149281	57149871	750
57149871	57153432	700
57153432	57175076	650
57175076	57193078	600
57193078	57194066	550
57194066	57196052	500
57196052	57201547	450
57201547	57208134	500
57208134	57208536	550
57208536	57208600	500
57208600	57240026	550
57240026	57356289	600
57356289	57358433	650
57358433	57493938	700
57493938	57508770	650
57508770	57537808	700
57537808	57552413	750
57552413	57558672	700
57558672	57580211	750
57580211	57608306	800
57608306	57636609	850
57636609	57644446	800
57644446	57656344	850
57656344	57661864	800
57661864	57707276	850
57707276	57742786	900
57742786	57767711	850
57767711	57843108	800
57843108	57846788	850
57846788	57857216	800
57857216	57936022	750
57936022	57957107	800
57957107	57971990	850
57971990	57993447	900
57993447	57996844	850
57996844	58015207	900
58015207	58018391	850
58018391	58019492	800
58019492	58064649	750
58064649	58065006	800
58065006	58068679	850
58068679	58077307	900
58077307	58093906	850
58093906	58109788	900
58109788	58111690	850
58111690	58206259	900
58206259	58212290	950
58212290	58222786	900
58222786	58231538	950
58231538	58278373	900
58278373	58278986	850
58278986	58297175	900
58297175	58328349	850
58328349	58330504	900
58330504	58341193	850
58341193	58369513	800
58369513	58376264	850
58376264	58378627	900
58378627	58380146	950
58380146	58382709	900
58382709	58384948	850
58384948	58391263	800
58391263	58435763	750
58435763	58447127	800
58447127	58503631	750
58503631	58521679	800
58521679	58554203	850
58554203	58595155	800
58595155	58599550	850
58599550	58617714	900
58617714	58625623	950
58625623	58627310	900
58627310	58653830	950
58653830	58664987	900
58664987	58668298	850
58668298	58685086	900
58685086	58695068	950
58695068	58708743	900
58708743	58710166	850
58710166	58715906	900
58715906	58733733	950
58733733	58735943	900
58735943	58740169	850
58740169	58757177	800
58757177	58765024	850
58765024	58794094	900
58794094	58802931	950
58802931	58819885	900
58819885	58824182	950
58824182	58825207	900
58825207	58828094	950
58828094	58832154	900
58832154	58849024	850
58849024	58870048	900
58870048	58871681	850
58871681	58894460	900
58894460	58903178	950
58903178	58909370	900
58909370	58911253	850
58911253	58914818	900
58914818	58922061	850
58922061	58934620	800
58934620	58942172	850
58942172	58946625	900
58946625	58957152	850
58957152	58968763	900
58968763	58995419	950
58995419	58996521	900
58996521	59003775	950
59003775	59007409	900
59007409	59014305	950
59014305	59014889	900
59014889	59020685	950
59020685	59052417	900
59052417	59081022	850
59081022	59095100	900
59095100	59096248	850
59096248	59101830	900
59101830	59107620	850
59107620	59122804	900
59122804	59126188	850
59126188	59127819	800
59127819	59128380	750
59128380	59128549	700
59128549	59132327	650
59132327	59156577	600
59156577	59193924	550
59193924	59255027	500
59255027	59270005	550
59270005	59289037	500
59289037	59311315	550
59311315	59315358	600
59315358	59324176	650
59324176	59352225	600
59352225	59355262	550
59355262	59376054	600
59376054	59401516	550
59401516	59435866	500
59435866	59455757	450
59455757	59569069	500
59569069	59587531	550
59587531	59591991	500
59591991	59629724	550
59629724	59647388	600
59647388	59652611	650
59652611	59652667	600
59652667	59679147	650
59679147	59685602	700
59685602	59687138	650
59687138	59695506	700
59695506	59707707	750
59707707	59711361	800
59711361	59716458	750
59716458	59729112	800
59729112	59743461	850
59743461	59759567	900
59759567	59759733	850
59759733	59766805	800
59766805	59786899	850
59786899	59795973	900
59795973	59801271	850
59801271	59807337	900
59807337	59808215	850
59808215	59865132	900
59865132	59866757	850
59866757	59869700	800
59869700	60011788	750
60011788	60013644	700
60013644	60047425	750
60047425	60068771	800
60068771	60072370	850
60072370	60073237	800
60073237	60073566	850
60073566	60077709	800
60077709	60083567	850
60083567	60090636	800
60090636	60132769	850
60132769	60140074	900
60140074	60150393	850
60150393	60159386	900
60159386	60220008	950
60220008	60260859	900
60260859	60262524	950
60262524	60287522	900
60287522	60313525	950
60313525	60318471	900
60318471	60359458	850
60359458	60434233	900
60434233	60483693	950
60483693	60484773	900
60484773	60501090	950
60501090	60564479	900
60564479	60568780	950
60568780	60651407	900
60651407	60659265	850
60659265	60700940	900
60700940	60709098	950
60709098	60869507	900
60869507	60871762	850
60871762	60872718	800
60872718	60873230	750
60873230	60876447	700
60876447	60879581	650
60879581	60881829	600
60881829	60886435	550
60886435	60889279	600
60889279	60892044	650
60892044	60898332	700
60898332	60921450	750
60921450	60961439	800
60961439	60964761	850
60964761	61026114	900
61026114	61672578	950
61672578	61695542	900
61695542	61784147	950
61784147	61785574	900
61785574	61794219	950
61794219	61797074	900
61797074	61912218	950
61912218	61920805	900
61920805	61967998	950
61967998	62015340	900
62015340	62540436	950
62540436	62603014	900
62603014	63551280	950
63551280	63599489	900
63599489	63897270	950
63897270	63965988	900
63965988	64000608	950
64000608	64002000	900
64002000	64498310	950
64498310	64569155	900
64569155	64658995	950
64658995	64663485	900
64663485	64707061	950
64707061	64749870	900
64749870	64994681	950
64994681	65007647	900
65007647	65112008	950
65112008	65135697	900
65135697	65149990	950
65149990	65170925	900
65170925	65175307	950
65175307	65175827	900
65175827	65182590	950
65182590	65183480	900
65183480	65250383	950
65250383	65255417	900
65255417	65280352	950
65280352	65282310	900
65282310	65296266	950
65296266	65340066	900
65340066	65341925	850
65341925	65349014	900
65349014	65350939	850
65350939	65381332	900
65381332	65383629	950
65383629	65406607	900
65406607	65434108	850
65434108	65444327	900
65444327	65502369	850
65502369	65518019	800
65518019	65520684	850
65520684	65524307	900
65524307	65525688	850
65525688	65532287	900
65532287	65609894	850
65609894	65611464	800
65611464	65621841	850
65621841	65626874	900
65626874	65667268	850
65667268	65671210	900
65671210	65690579	850
65690579	65695674	800
65695674	65710637	850
65710637	65735625	800
65735625	65753721	750
65753721	65764142	700
65764142	65784974	650
65784974	65802207	700
65802207	65805114	750
65805114	65807459	800
65807459	65812651	850
65812651	65813451	900
65813451	65813609	850
65813609	65813805	900
65813805	65814403	850
65814403	65814696	900
65814696	65814804	850
65814804	65815070	900
65815070	65817756	850
65817756	65830918	800
65830918	65834007	750
65834007	65855886	800
65855886	65866706	850
65866706	65900065	900
65900065	65906583	850
65906583	65929177	900
65929177	65931179	850
65929338	66016597	0
65931179	65948187	800
65948187	65961681	850
65961681	66032622	800
66032622	66048832	850
66048832	66054873	800
66054873	66078119	850
66078119	66137714	900
66137714	66138821	850
66138821	66151165	900
66151165	66160141	850
66160141	66176935	800
66176935	66180952	750
66180952	66192515	800
66192515	66198118	850
66198118	66202007	900
66202007	66204778	950
66204778	66216089	900
66216089	66297180	850
66297180	66341086	800
66341086	66347071	850
66347071	66348612	800
66348612	66358280	850
66358280	66360930	800
66360930	66367613	850
66367613	66403147	900
66403147	66410949	950
66410949	66421798	900
66421798	66425365	850
66425365	66429064	900
66429064	66433420	850
66433420	66435510	900
66435510	66450598	850
66450598	66454771	900
66454771	66457319	950
66457319	66480237	900
66480237	66488482	850
66488482	66490458	800
66490458	66495048	850
66495048	66495641	800
66495641	66507138	850
66507138	66517502	800
66517502	66525511	750
66525511	66530963	800
66530963	66537681	750
66537681	66569986	800
66569986	66577390	850
66577390	66600187	900
66600187	66600727	850
66600727	66612020	900
66612020	66614523	950
66614523	66626009	900
66626009	66626281	850
66626281	66626978	900
66626978	66648946	850
66648946	66649182	900
66649182	66655194	850
66655194	66657754	800
66657754	66658846	750
66658846	66659506	700
66659506	66660891	650
66660891	66667239	600
66667239	66671017	550
66671017	66677917	500
66677917	66697649	450
66697649	66706189	500
66706189	66714020	550
66714020	66731793	600
66731793	66737757	650
66737757	66739857	700
66739857	66741065	750
66741065	66742349	800
66742349	66745482	850
66745482	66750947	900
66750947	66773510	850
66773510	66781028	800
66781028	66791728	850
66791728	66886897	900
66886897	66907835	950
66907835	66911882	900
66911882	66914482	950
66914482	66918336	900
66918336	66929931	950
66929931	66938288	900
66938288	66953000	950
66953000	66964240	900
66964240	66970436	950
66970436	67027641	900
67027641	67092002	950
67092002	67093453	900
67093453	67100794	950
67100794	67132812	900
67132812	67138454	850
67138454	67172069	900
67172069	67200278	950
67200278	67213449	900
67213449	67215736	850
67215736	67229427	900
67229427	67234369	850
67234369	67246819	900
67246819	67253849	850
67253849	67287838	900
67287838	67324367	950
67324367	67331696	900
67331696	67340960	950
67340960	67342756	900
67342756	67399136	950
67399136	67507485	900
67507485	67514368	950
67514368	67553907	900
67553907	67560705	950
67560705	67563839	900
67563839	67588455	950
67588455	67602653	900
67602653	67644470	850
67644470	67686445	900
67686445	67688631	850
67688631	67727225	900
67727225	67792579	950
67792579	67834664	900
67834664	68197417	950
68197417	68206548	900
68206548	68210788	950
68210788	68213392	900
68213392	68216812	950
68216812	68218661	900
68218661	68557258	950
68557258	68610357	900
68610357	68651328	950
68651328	68653278	900
68653278	68690047	950
68690047	68691531	900
68691531	68706007	950
68706007	68786313	900
68786313	68790351	850
68790351	68928177	900
68928177	68935424	850
68935424	69008371	900
69008371	69039565	950
69039565	69170973	900
69170973	69181832	850
69181832	69182613	900
69182613	69183614	850
69183614	69188717	900
69188717	69189816	850
69189816	69410369	900
69410369	69411149	850
69411149	69454702	900
69454702	69483220	950
69483220	69491603	900
69491603	69536813	950
69536813	69539010	900
69539010	69548688	950
69548688	69573380	900
69573380	69588121	850
69588121	69612650	900
69612650	69617367	950
69617367	69621858	900
69621858	69697444	950
69697444	69698092	900
69698092	69780996	950
69780996	69782203	900
69782203	69887359	950
69887359	69894412	900
69894412	69939871	950
69939871	69942076	900
69942076	70082085	950
70082085	70122091	900
70122091	70130771	950
70130771	70140612	900
70140612	70227442	950
70227442	70248359	900
70248359	70249318	850
70249318	70262198	900
70262198	70333412	950
70333412	70339595	900
70339595	70343872	850
70343872	70374758	900
70374758	70388694	950
70388694	70389282	900
70389282	70414236	950
70414236	70421615	900
70421615	70450137	950
70450137	70453019	900
70453019	70462345	950
70462345	70475836	900
70475836	70513740	950
70513740	70517965	900
70517965	70545586	950
70545586	70552066	900
70552066	70570541	850
70570541	70608095	900
70608095	70610550	850
70610550	70623764	900
70623764	70631262	950
70631262	70644009	900
70644009	70669522	950
70669522	70684268	900
70684268	70689236	950
70689236	70695847	900
70695847	70697890	950
70697890	70699117	900
70699117	70708046	950
70708046	70714025	900
70714025	70714862	850
70714862	70728120	900
70728120	70732319	950
70732319	70732953	900
70732953	70742669	950
70742669	70778404	900
70778404	70781434	850
70781434	70784237	900
70784237	70791530	850
70791530	70798890	900
70798890	70802158	850
70802158	70877630	900
70877630	70878826	850
70878826	70879332	800
70879332	70879582	750
70879582	70889321	700
70889321	70900739	650
70900739	70907137	600
70907137	70911052	550
70911052	70913534	500
70913534	70913732	550
70913732	70913855	500
70913855	70914252	550
70914252	70914387	500
70914387	70914917	550
70914917	70915239	500
70915239	70915493	550
70915493	70933992	500
70933992	70986956	450
70986956	70989085	500
70989085	70991736	550
70991736	70994499	600
70994499	70997322	550
70997322	71002246	600
71002246	71013386	650
71013386	71018364	700
71018364	71020798	650
71020798	71028229	700
71028229	71045454	650
71045454	71075825	600
71075825	71080543	650
71080543	71082578	700
71082578	71084232	650
71084232	71089439	700
71089439	71103160	650
71103160	71117506	700
71117506	71124766	750
71124766	71126600	800
71126600	71131169	850
71131169	71134749	800
71134749	71135746	850
71135746	71136702	800
71136702	71139567	850
71139567	71140168	800
71140168	71142230	850
71142230	71154490	800
71154490	71158509	750
71158509	71167710	800
71167710	71201451	750
71201451	71207028	800
71207028	71226781	850
71226781	71229646	900
71229646	71230612	950
71230612	71231103	900
71231103	71233250	850
71233250	71245281	900
71245281	71246379	850
71246379	71254966	900
71254966	71264799	850
71264799	71266971	900
71266971	71271873	850
71271873	71273444	900
71273444	71274549	850
71274549	71297618	900
71297618	71319805	950
71319805	71337632	900
71337632	71339358	950
71339358	71355666	900
71355666	71363879	950
71363879	71367819	900
71367819	71382171	950
71382171	71383948	900
71383948	71420667	950
71420667	71437191	900
71437191	71440884	950
71440884	71447511	900
71447511	71462592	950
71462592	71482507	900
71482507	71494522	950
71494522	71527586	900
71527586	71542578	950
71542578	71547056	900
71547056	71549100	850
71549100	71564461	900
71564461	71568117	850
71568117	71571731	900
71571731	71591392	950
71591392	71593856	900
71593856	71601833	950
71601833	71623003	900
71623003	71630455	850
71630455	71633266	900
71633266	71638277	850
71638277	71663568	900
71663568	71667912	850
71667912	71668743	800
71668743	71672474	850
71672474	71672537	900
71672537	71681317	950
71681317	71684417	900
71684417	71705090	950
71705090	71706971	900
71706971	71709776	950
71709776	71721886	900
71721886	71725115	950
71725115	71730651	900
71730651	71751102	950
71751102	71754111	900
71754111	71776467	950
71776467	71776793	900
71776793	71825577	950
71825577	71826129	900
71826129	71835929	950
71835929	71841231	900
71841231	71893672	950
71893672	71895893	900
71895893	71897560	950
71897560	71930398	900
71930398	71937288	950
71937288	71961586	900
71961586	71962499	850
71962499	71975646	900
71975646	71976590	950
71976590	71977738	900
71977738	71979721	950
71979721	71981012	900
71981012	71985733	950
71985733	71986893	900
71986893	71989486	950
71989486	71990905	900
71990905	71991402	950
71991402	71993548	900
71993548	71993883	950
71993883	71996035	900
71996035	71997250	950
71997250	71997664	900
71997664	72000666	950
72000666	72012423	900
72012423	72014635	850
72014635	72018728	900
72018728	72020378	850
72020378	72031679	900
72031679	72054075	850
72054075	72057729	900
72057729	72061824	850
72061824	72070884	900
72070884	72078277	850
72078277	72088028	800
72088028	72109499	750
72109499	72111292	700
72111292	72112359	750
72112359	72113053	700
72113053	72115170	750
72115170	72121367	700
72121367	72126811	650
72126811	72131295	700
72131295	72135487	650
72135487	72140854	700
72140854	72142648	650
72142648	72147885	700
72147885	72154723	650
72154723	72200043	600
72200043	72207479	550
72207479	72208798	600
72208798	72225284	550
72225284	72226563	500
72226563	72227176	450
72227176	72428082	400
72428082	72457228	450
72457228	72467008	500
72467008	72484652	550
72484652	72502021	600
72502021	72515145	650
72515145	72522871	700
72522871	72524539	750
72524539	72527506	700
72527506	72544491	650
72544491	72545150	700
72545150	72545514	650
72545514	72551740	700
72551740	72558982	750
72558982	72564727	800
72564727	72581941	750
72581941	72601213	800
72601213	72601685	850
72601685	72602144	800
72602144	72613325	850
72613325	72614682	800
72614682	72648458	850
72648458	72648986	900
72648986	72649167	850
72649167	72659106	900
72659106	72677197	850
72677197	72683125	900
72683125	72687006	850
72687006	72722025	900
72722025	72734192	850
72734192	72755494	900
72755494	72760208	850
72760208	72764057	800
72764057	72768884	850
72768884	72775340	900
72775340	72814143	850
72814143	72839528	900
72839528	72842484	850
72842484	72877187	900
72877187	72888626	850
72888626	72892354	900
72892354	72897794	850
72897794	72903865	800
72903865	72912571	850
72912571	72920623	800
72920623	72924225	750
72924225	72931004	800
72931004	72953195	850
72953195	72955109	800
72955109	72961312	850
72961312	72963662	900
72963662	72970150	850
72970150	72972460	900
72972460	72977301	850
72977301	72993662	900
72993662	72994550	850
72994550	72995696	900
72995696	72995885	850
72995885	72995906	900
72995906	72996166	850
72996166	72997004	900
72997004	72997434	850
72997434	72997799	900
72997799	73005180	850
73005180	73017833	800
73017833	73022136	750
73022136	73027759	800
73027759	73029604	750
73029604	73084261	800
73084261	73088614	850
73088614	73120419	800
73120419	73121118	850
73121118	73147172	800
73147172	73155791	750
73155791	73157867	700
73157867	73158969	650
73158969	73175651	600
73175651	73200377	650
73200377	73204758	700
73204758	73205311	750
73205311	73206541	800
73206541	73209509	850
73209509	73209924	900
73209924	73224001	850
73224001	73226790	900
73226790	73227519	850
73227519	73230545	900
73230545	73232784	850
73232784	73234623	900
73234623	73240236	850
73240236	73284724	900
73284724	73300929	850
73300929	73306816	800
73306816	73307476	850
73307476	73307895	800
73307895	73316970	850
73316970	73319190	800
73319190	73329407	850
73329407	73332853	900
73332853	73345755	950
73345755	73346815	900
73346815	73350001	950
73350001	73350944	900
73350944	73352459	950
73352459	73353174	900
73353174	73372432	950
73372432	73376006	900
73376006	73403536	950
73403536	73447525	900
73447525	73459596	950
73459596	73490021	900
73490021	73494478	950
73494478	73526753	900
73526753	73533577	950
73533577	73537118	900
73537118	73554808	950
73554808	73555249	900
73555249	73556101	950
73556101	73557340	900
73557340	73637553	950
73637553	73638980	900
73638980	73640562	850
73640562	73653666	800
73653666	73692413	850
73692413	73699780	900
73699780	73700819	850
73700819	73716720	900
73716720	73720474	850
73720474	73759143	900
73759143	73760231	850
73760231	73763067	900
73763067	73777725	950
73777725	73778783	900
73778783	73797348	950
73797348	73820825	900
73820825	73825344	950
73825344	73828672	900
73828672	73882383	950
73882383	73919629	900
73919629	73932536	950
73932536	73978795	900
73978795	73988237	950
73988237	73991255	900
73991255	74025468	850
74025468	74030399	800
74030399	74038105	850
74038105	74089760	900
74089760	74093921	950
74093921	74095643	900
74095643	74107251	950
74107251	74128118	900
74128118	74147333	950
74147333	74161454	900
74161454	74166088	950
74166088	74180800	900
74180800	74193587	950
74193587	74198601	900
74198601	74212851	950
74212851	74214159	900
74214159	74215914	950
74215914	74217761	900
74217761	74228653	950
74228653	74263562	900
74263562	74291110	950
74291110	74308241	900
74305621	74375963	50
74308241	74313391	850
74313391	74333091	900
74333091	74356282	850
74356282	74363738	800
74363738	74387830	850
74387830	74452278	800
74452278	74454093	850
74454093	74464497	900
74464497	74488069	950
74488069	74494151	900
74494151	74527727	850
74527727	74535131	900
74535131	74543105	950
74543105	74545299	900
74545299	74562224	950
74562224	74562882	900
74562882	74566415	950
74566415	74566985	900
74566985	74569719	950
74569719	74588721	900
74588721	74638815	850
74638815	74666606	900
74666606	74669084	850
74669084	74726919	900
74726919	74730929	850
74730929	74735520	900
74735520	74752026	850
74752026	74774404	800
74774404	74775969	850
74775969	74778194	900
74778194	74781220	850
74781220	74825732	800
74825732	74837143	850
74837143	74841687	800
74841687	74843950	850
74843950	74845728	800
74845728	74933595	850
74933595	74936205	800
74936205	74943225	850
74943225	75002095	800
75002095	75021069	750
75021069	75060701	700
75060701	75067383	650
75067383	75101121	700
75101121	75103007	750
75103007	75108591	800
75108591	75144945	750
75144945	75167928	700
75167928	75192498	650
75192498	75201232	600
75201232	75207046	650
75207046	75218026	600
75218026	75218339	650
75218339	75229944	600
75229944	75259707	550
75259707	75273238	500
75273238	75284803	450
75284803	75290428	500
75290428	75308374	450
75308374	75311812	400
75311812	75327889	450
75327889	75331059	500
75331059	75334455	550
75334455	75343127	600
75343127	75352803	650
75352803	75353981	600
75353981	75361567	650
75361567	75362244	700
75362244	75362447	650
75362447	75362971	700
75362971	75363835	650
75363835	75376941	700
75376941	75385504	750
75385504	75398840	800
75398840	75403440	850
75403440	75404748	900
75404748	75417109	850
75417109	75422139	800
75422139	75449150	850
75449150	75455890	900
75455890	75457333	850
75457333	75471662	900
75471662	75473129	850
75473129	75483279	900
75483279	75486689	850
75486689	75492531	900
75492531	75524789	850
75524789	75604191	900
75604191	75615413	850
75615413	75629574	900
75629574	75636489	850
75636489	75637317	900
75637317	75637816	850
75637816	75657062	900
75657062	75667038	850
75667038	75668138	900
75668138	75672818	850
75672818	75728187	900
75728187	75728894	850
75728894	75783669	900
75783669	75789819	850
75789819	75893654	900
75893654	75894806	850
75894806	75898869	900
75898869	75924832	850
75924832	75939417	900
75939417	75952134	850
75952134	75958116	900
75958116	75967774	850
75967774	75971608	900
75971608	75975892	850
75975892	75984839	900
75984839	75985295	850
75985295	76032906	900
76032906	76090228	850
76090228	76117292	800
76117292	76189434	850
76189434	76191333	900
76191333	76227894	850
76227894	76271786	800
76271786	76307949	850
76307949	76310005	800
76310005	76325753	750
76325753	76327046	700
76327046	76332333	750
76332333	76333238	700
76333238	76333586	750
76333586	76359577	700
76359577	76360014	750
76360014	76360579	700
76360579	76361122	750
76361122	76369152	700
76369152	76372996	750
76372996	76374605	700
76374605	76397890	750
76397890	76412659	700
76412659	76419669	650
76419669	76440165	600
76440165	76444974	550
76444974	76448676	500
76448676	76456511	450
76456511	76464321	400
76464321	76470952	350
76470952	76511538	300
76511538	76516852	250
76516852	76522465	200
76522465	76565070	150
76565070	76653332	100
76653332	76773932	150
76773932	76800114	200
76800114	76804533	250
76804533	76808865	300
76808865	76811601	350
76811601	76813753	400
76813753	76817139	450
76817139	76837351	500
76837351	76895418	550
76895418	76896230	600
76896230	76897711	650
76897711	76929097	700
76929097	76933701	750
76933701	77004904	700
77004904	77010679	650
77010679	77025448	700
77025448	77028887	650
77028887	77091597	600
77091597	77097499	650
77097499	77129035	600
77129035	77157359	650
77157359	77249135	600
77249135	77252966	650
77252966	77259776	700
77259776	77293634	650
77293634	77318794	600
77318794	77376943	550
77376943	77402468	600
77402468	77402639	650
77402639	77403812	600
77403812	77409609	650
77409609	77453888	600
77453888	77484214	650
77484214	77512925	600
77512925	77537636	650
77537636	77538216	700
77538216	77543308	650
77543308	77568706	700
77568706	77593428	750
77593428	77600426	800
77600426	77603057	750
77603057	77604358	800
77604358	77615903	750
77615903	77638485	800
77638485	77649058	850
77649058	77670320	800
77670320	77672633	750
77672633	77684594	800
77684594	77693928	750
77693928	77705443	800
77705443	77717960	850
77717960	77719952	900
77719952	77727678	850
77727678	77734384	800
77734384	77744355	750
77744355	77762407	700
77762407	77766989	650
77766989	77780638	600
77780638	77782689	650
77782689	77784985	700
77784985	77789680	750
77789680	77799319	700
77799319	77843158	750
77843158	77851997	800
77851997	77857116	750
77857116	77865079	800
77865079	77888866	850
77888866	77893071	800
77893071	77918689	850
77918689	77928881	800
77928881	77949289	750
77949289	77962027	800
77962027	77969211	850
77969211	77970990	800
77970990	77971987	750
77971987	77972894	700
77972894	77975598	750
77975598	77979708	700
77979708	78034333	650
78034333	78040408	700
78040408	78041302	650
78041302	78041870	600
78041870	78042197	550
78042197	78043229	500
78043229	78050464	450
78050464	78060167	400
78060167	78075105	350
78075105	78076684	400
78076684	78077353	350
78077353	78098568	400
78098568	78113469	450
78113469	78127794	500
78127794	78131172	550
78131172	78133193	600
78133193	78136215	650
78136215	78138415	700
78138415	78141677	750
78141677	78152143	800
78152143	78156381	750
78156381	78179446	700
78179446	78214213	750
78214213	78217463	700
78217463	78242670	750
78242670	78245759	700
78245759	78256348	650
78256348	78260472	700
78260472	78264673	750
78264673	78265422	800
78265422	78287926	850
78287926	78301145	800
78301145	78302790	850
78302790	78310867	800
78310867	78313253	850
78313253	78314281	800
78314281	78340878	850
78340878	78341333	800
78341333	78352148	850
78352148	78353403	900
78353403	78354738	850
78354738	78404008	900
78404008	78415376	850
78415376	78426685	900
78426685	78433995	850
78433995	78457952	900
78457952	78460853	850
78460853	78464185	900
78464185	78473835	850
78473835	78505067	900
78505067	78525233	850
78525233	78571339	800
78571339	78576749	850
78576749	78598219	900
78598219	78616618	850
78616618	78651206	900
78651206	78673334	850
78673334	78679767	900
78679767	78684882	850
78684882	78699293	900
78699293	78699403	850
78699403	78701605	900
78701605	78711340	850
78711340	78715725	800
78715725	78716097	750
78716097	78722390	800
78722390	78739545	750
78739545	78743844	700
78743844	78746485	750
78746485	78746566	800
78746566	78746825	750
78746825	78747199	800
78747199	78747528	750
78747528	78747790	800
78747790	78751226	750
78751226	78752880	700
78752880	78753840	650
78753840	78754373	600
78754373	78754646	550
78754646	78757320	500
78757320	78769534	450
78769534	78874258	400
78874258	78878790	450
78878790	78904064	500
78904064	79045309	550
79045309	79059252	600
79059252	79062793	650
79062793	79064688	700
79064688	79115486	750
79115486	79148477	700
79148477	79148781	750
79148781	79150156	800
79150156	79153393	850
79153393	79157160	900
79157160	79161952	850
79161952	79181042	900
79181042	79182534	850
79182534	79196029	900
79196029	79201205	850
79201205	79211871	900
79211871	79218718	850
79218718	79245952	800
79245952	79276773	750
79276773	79281850	800
79281850	79318971	850
79318971	79323388	800
79323388	79345627	850
79345627	79355798	900
79355798	79371451	850
79371451	79379895	800
79379895	79404607	750
79404607	79411344	700
79411344	79413115	750
79413115	79415600	800
79415600	79464990	850
79464990	79474389	800
79474389	79477785	850
79477785	79484920	900
79484920	79511439	950
79511439	79513954	900
79513954	79520010	950
79520010	79521590	900
79521590	79526705	950
79526705	79529638	900
79529638	79539452	950
79539452	79561150	900
79561150	79568381	950
79568381	79569526	900
79569526	79572323	950
79572323	79595095	900
79595095	79598209	950
79598209	79600082	900
79600082	79603352	950
79603352	79613906	900
79613906	79622216	950
79622216	79652401	900
79652401	79682318	950
79682318	79722279	900
79722279	79728229	850
79728229	79798215	900
79798215	79807158	850
79807158	79811174	800
79811174	79818037	850
79818037	79828492	900
79828492	79837901	850
79837901	80022711	900
80022711	80024339	850
80024339	80052988	900
80052988	80065430	950
80065430	80080825	900
80080825	80097292	950
80097292	80117558	900
80117558	80153568	950
80153568	80160600	900
80160600	80186610	950
80186610	80202226	900
80202226	80237482	850
80237482	80311093	900
80311093	80354637	850
80354637	80419968	900
80419968	80425920	950
80425920	80438979	900
80438979	80804882	950
80804882	80807075	900
80807075	80818655	950
80818655	80848081	900
80848081	80857714	950
80857714	80861200	900
80861200	80891189	950
80891189	80922970	900
80922970	80983059	950
80983059	80985751	900
80985751	81056402	950
81056402	81063745	900
81063745	81071877	950
81071877	81078386	900
81078386	81442502	950
81442502	81450415	900
81450415	81940093	950
81940093	81970767	900
81970767	82357082	950
82357082	82476080	900
82476080	82512049	950
82512049	82569328	900
82569328	82859493	950
82859493	82861764	900
82861764	82884466	950
82884466	82923178	900
82923178	82977594	950
82977594	83020036	900
83020036	83032938	950
83032938	83081134	900
83081134	83145765	850
83145765	83166606	900
83166606	83174190	850
83174190	83176219	900
83176219	83176521	850
83176521	83177476	900
83177476	83209075	850
83209075	83210008	800
83210008	83212404	850
83212404	83213376	800
83213376	83215068	850
83215068	83223486	800
83223486	83232050	750
83232050	83292025	700
83292025	83328990	650
83328990	83343648	600
83343648	83347982	550
83347982	83356641	500
83356641	83358873	550
83358873	83361224	600
83361224	83363133	650
83363133	83363569	700
83363569	83364296	750
83364296	83365819	800
83365819	83376818	850
83376818	83390623	900
83390623	83423799	850
83423799	83525206	900
83525206	83528878	950
83528878	83539275	900
83539275	83575547	850
83575547	83577047	900
83577047	83602765	850
83602765	83667445	900
83667445	83695785	950
83695785	83782619	900
83782619	83826851	950
83826851	83840102	900
83840102	83882949	950
83882949	83921683	900
83921683	83985923	950
83985923	83990135	900
83990135	84557949	950
84557949	84625241	900
84625241	84852584	950
84852584	84862561	900
84862561	84891323	950
84891323	84894039	900
84894039	84907304	950
84907304	84909823	900
84909823	84989787	950
84989787	85032626	900
85032626	85080893	950
85080893	85084286	900
85084286	85124835	950
85124835	85135454	900
85135454	85142691	950
85142691	85213176	900
85213176	85219480	950
85219480	85223433	900
85223433	85224553	850
85224553	85226420	800
85226420	85258050	750
85258050	85262483	700
85262483	85264578	650
85264578	85269330	600
85269330	85269437	650
85269437	85269516	600
85269516	85274525	650
85274525	85284722	700
85284722	85327231	750
85327231	85352251	800
85352251	85353668	750
85353668	85412587	800
85412587	85494837	850
85494837	85587845	900
85587845	86106358	950
86106358	86207119	900
86207119	86314787	950
86314787	86326649	900
86326649	86380586	950
86380586	86523346	900
86523346	86574796	950
86574796	86587781	900
86587781	86721305	950
86721305	86731753	900
86731753	86837161	950
86837161	86965593	900
86965593	86991607	950
86991607	86997886	900
86997886	87076003	850
87076003	87081559	900
87081559	87086536	850
87086536	87088241	800
87088241	87094053	750
87094053	87099530	700
87099530	87103404	650
87103404	87111999	600
87111999	87116697	550
87116697	87121244	500
87121244	87133514	450
87133514	87142747	500
87142747	87155170	550
87155170	87159184	600
87159184	87159545	650
87159545	87160169	700
87160169	87161306	750
87161306	87163936	800
87163936	87216341	850
87216341	87223424	900
87223424	87228886	850
87228886	87259980	800
87259980	87269637	850
87269637	87273305	900
87273305	87276229	850
87276229	87288049	900
87288049	87300608	850
87300608	87358085	900
87358085	87363224	950
87363224	87404442	900
87404442	87418743	950
87418743	87502955	900
87502955	87506178	950
87506178	87567001	900
87567001	87859866	950
87859866	87931202	900
87931202	88175144	950
88175144	88214123	900
88214123	89117051	950
89117051	89149450	900
89149450	89927112	950
89927112	89928596	900
89928596	89960516	950
89960516	89963685	900
89963685	89974806	950
89974806	89992109	900
89992109	90125734	950
90125734	90126703	900
90126703	90165835	950
90165835	90173617	900
90173617	90254636	950
90254636	90264169	900
90264169	90277882	950
90277882	90286242	900
90286242	90313036	950
90313036	90321098	900
90321098	90354995	950
90354995	90391634	900
90391634	90428627	850
90428627	90445746	900
90445746	90448992	850
90448992	90465839	900
90465839	90466353	950
90466353	90467069	900
90467069	90469860	950
90469860	90471407	900
90471407	90484534	950
90484534	90506783	900
90506783	90518178	950
90518178	90522183	900
90522183	90533728	950
90533728	90554539	900
90554539	90564047	950
90564047	90574793	900
90574793	90581629	850
90581629	90607999	800
90607999	90609269	850
90609269	90630825	900
90630825	90645146	950
90645146	90645515	900
90645515	90650938	950
90650938	90670769	900
90670769	90676653	950
90676653	90680943	900
90680943	90773326	950
90773326	90780688	900
90780688	90855247	850
90855247	90863263	900
90863263	90893479	950
90893479	90906379	900
90906379	90920704	950
90920704	90922677	900
90922677	90923376	950
90923376	90924730	900
90924730	91105685	950
91105685	91120223	900
91120223	91121777	950
91121777	91143498	900
91143498	91144196	850
91144196	91161843	900
91161843	91183525	950
91183525	91190891	900
91190891	91197882	850
91197882	91201545	900
91201545	91213190	950
91213190	91236386	900
91236386	91253829	950
91253829	91259340	900
91259340	91301471	950
91301471	91306721	900
91306721	91324417	950
91324417	91326197	900
91326197	91382578	950
91382578	91458027	900
91458027	91477045	950
91477045	91487509	900
91487509	91504772	950
91504772	91505998	900
91505998	91551512	950
91551512	91552426	900
91552426	91663300	950
91663300	91664044	900
91664044	91936430	950
91936430	91992035	900
91992035	92155498	950
92155498	92173207	900
92173207	92178079	850
92178079	92195376	900
92195376	92205407	850
92205407	92214215	900
92214215	92219778	850
92219778	92226491	900
92226491	92229748	950
92229748	92258645	900
92258645	92278334	850
92278334	92281311	800
92281311	92305594	850
92305594	92313308	900
92313308	92335398	850
92335398	92354116	800
92354116	92357455	850
92357455	92363459	900
92363459	92395344	950
92395344	92399580	900
92399580	92408765	850
92408765	92420153	900
92420153	92451092	950
92451092	92465076	900
92465076	92505726	950
92505726	92534825	900
92534825	92554425	950
92554425	92561312	900
92561312	92564497	950
92564497	92572291	900
92572291	92595200	950
92595200	92606441	900
92606441	92630201	950
92630201	92666374	900
92666374	92673177	850
92673177	92677062	900
92677062	92683796	850
92683796	92698778	900
92698778	92699216	850
92699216	92710380	900
92710380	92724908	950
92724908	92731351	900
92731351	92733323	950
92733323	92764278	900
92764278	92776452	950
92776452	92782255	900
92782255	92787272	850
92787272	92789501	800
92789501	92792255	850
92792255	92797035	800
92797035	92807597	850
92807597	92811224	900
92811224	92819814	950
92819814	92829695	900
92829695	92831213	950
92831213	92834608	900
92834608	92836095	950
92836095	92849965	900
92849965	92851048	950
92851048	92903619	900
92903619	92905471	950
92905471	92916619	900
92916619	92917934	950
92917934	92919586	900
92919586	92925013	950
92925013	92931011	900
92931011	92946938	950
92946938	92964469	900
92964469	92980399	850
92980399	92985443	900
92985443	93002249	850
93002249	93002387	900
93002387	93057005	950
93057005	93057913	900
93057913	93063332	950
93063332	93071337	900
93071337	93091450	950
93091450	93096593	900
93096593	93144003	850
93144003	93160105	800
93160105	93168057	850
93168057	93174642	900
93174642	93177636	850
93177636	93180442	900
93180442	93187715	850
93187715	93190175	900
93190175	93191339	850
93191339	93201502	900
93201502	93204433	850
93204433	93220955	800
93220955	93226348	850
93226348	93229847	900
93229847	93230328	850
93230328	93230473	800
93230473	93231909	750
93231909	93272438	700
93272438	93282375	750
93282375	93290140	700
93290140	93313335	650
93313335	93321448	700
93321448	93332394	750
93332394	93333297	800
93333297	93351392	750
93351392	93357121	800
93357121	93357268	850
93357268	93358669	900
93358669	93366608	950
93366608	93372402	900
93372402	93380179	850
93380179	93392026	900
93392026	93392311	850
93392311	93395027	900
93395027	93412610	850
93412610	93429412	800
93429412	93434827	850
93434827	93439562	900
93439562	93476156	850
93476156	93485079	800
93485079	93492834	850
93492834	93496925	900
93496925	93498282	850
93498282	93533154	900
93533154	93536458	950
93536458	93562329	900
93562329	93567156	850
93567156	93569254	900
93569254	93570728	950
93570728	93571273	900
93571273	93572347	950
93572347	93574395	900
93574395	93575151	950
93575151	93575983	900
93575983	93583960	950
93583960	93585846	900
93585846	93606344	950
93606344	93616111	900
93616111	93617486	850
93617486	93622045	900
93622045	93637333	950
93637333	93642137	900
93642137	93643156	850
93643156	93657316	900
93657316	93675311	950
93675311	93688547	900
93688547	93713727	950
93713727	93714475	900
93714475	93723881	950
93723881	93725355	900
93725355	93725442	950
93725442	93752118	900
93752118	93758849	850
93758849	93765726	800
93765726	93768685	850
93768685	93793291	900
93793291	93793803	850
93793803	93794533	900
93794533	93795650	850
93795650	93800795	900
93800795	93809526	850
93809526	93820459	800
93820459	93831184	850
93831184	93832094	900
93832094	93836911	850
93836911	93837483	900
93837483	93853549	850
93853549	93857196	800
93857196	93858256	850
93858256	93864622	900
93864622	93867100	850
93867100	93884570	900
93884570	93893220	850
93893220	93925792	800
93925792	94006070	850
94006070	94010821	800
94010821	94016332	750
94016332	94020134	700
94020134	94024212	650
94024212	94043585	600
94043585	94053833	650
94053833	94079627	600
94079627	94083793	650
94083793	94086731	700
94086731	94092525	750
94092525	94095498	800
94095498	94099439	850
94099439	94101011	800
94101011	94111291	850
94111291	94153245	800
94153245	94156749	750
94156749	94161809	700
94161809	94168229	750
94168229	94173322	800
94173322	94222363	850
94222363	94222973	800
94222973	94230419	850
94230419	94245374	900
94245374	94246062	850
94246062	94274475	900
94274475	94277598	950
94277598	94280752	900
94280752	94287475	950
94287475	94319222	900
94319222	94344257	950
94344257	94345876	900
94345876	94378095	950
94378095	94378791	900
94378791	94385887	950
94385887	94414185	900
94414185	94451080	850
94451080	94462260	900
94462260	94469551	850
94469551	94476142	800
94476142	94482418	850
94482418	94540694	800
94540694	94547359	850
94547359	94554142	800
94554142	94560324	850
94560324	94568380	800
94568380	94578357	850
94578357	94587893	900
94587893	94592624	850
94592624	94595362	900
94595362	94606592	850
94606592	94612366	900
94612366	94613507	850
94613507	94629218	900
94629218	94688245	850
94688245	94927777	900
94927777	94931209	850
94931209	94976006	800
94976006	94990181	750
94990181	94999491	700
94999491	95011108	650
95011108	95065939	600
95065939	95114792	650
95114792	95154907	600
95154907	95231144	550
95231144	95259182	500
95259182	95288850	550
95288850	95537399	500
95537399	95562062	450
95562062	95582675	500
95582675	95604106	550
95604106	95608479	600
95608479	95610173	650
95610173	95630769	700
95630769	95634211	650
95634211	95640214	700
95640214	95700818	650
95700818	95704026	700
95704026	95716018	650
95716018	95719480	700
95719480	95724905	650
95724905	95730434	600
95730434	95778598	650
95778598	95802893	700
95802893	95807316	750
95807316	95814673	800
95814673	95815683	750
95815683	95816350	800
95816350	95826183	750
95826183	95853151	800
95853151	95856728	750
95856728	95863442	800
95863442	95869683	750
95869683	95875633	800
95875633	95876057	850
95876057	95877722	800
95877722	95878465	850
95878465	95899855	800
95899855	95903378	750
95903378	95907316	800
95907316	95909351	750
95909351	95923496	800
95923496	95931398	850
95931398	95952443	800
95952443	95959609	750
95959609	95987873	800
95987873	95996421	750
95996421	96010068	700
96010068	96021894	750
96021894	96029568	800
96029568	96047906	850
96047906	96050599	800
96050599	96054166	750
96054166	96105542	700
96105542	96153117	750
96153117	96169986	800
96169986	96185314	850
96185314	96189789	800
96189789	96206832	750
96206832	96208254	800
96208254	96214141	850
96214141	96230349	800
96230349	96240420	750
96240420	96271358	700
96271358	96273738	650
96273738	96273759	700
96273759	96282607	650
96282607	96289036	600
96289036	96296537	650
96296537	96303588	700
96303588	96314806	750
96314806	96316484	800
96316484	96347909	850
96347909	96356678	800
96356678	96361095	850
96361095	96361730	800
96361730	96384103	850
96384103	96404920	800
96404920	96426129	750
96426129	96438888	700
96438888	96439582	750
96439582	96452497	800
96452497	96454681	750
96454681	96568980	800
96568980	96578686	750
96578686	96586125	800
96586125	96646819	750
96646819	96664078	700
96664078	96671716	750
96671716	96674638	700
96674638	96679772	750
96679772	96680017	700
96680017	96681512	750
96681512	96701137	700
96701137	96720135	750
96720135	96724851	700
96724851	96728489	650
96728489	96742016	700
96742016	96757364	650
96757364	96759002	600
96759002	96763706	650
96763706	96776585	600
96776585	96793008	550
96793008	96820044	500
96820044	96857522	550
96857522	96880686	600
96880686	96905346	550
96905346	96922963	500
96922963	96936167	550
96936167	96963553	600
96963553	97006679	650
97006679	97060072	700
97060072	97072215	750
97072215	97076838	800
97076838	97101940	750
97101940	97108061	800
97108061	97112575	850
97112575	97115575	900
97115575	97144002	850
97144002	97397414	900
97397414	97402271	850
97402271	97404045	800
97404045	97406685	750
97406685	97408778	700
97408778	97424103	650
97424103	97443778	600
97443778	97476965	550
97476965	97479168	600
97479168	97480211	650
97480211	97482417	700
97482417	97489143	750
97489143	97507853	800
97507853	97512341	850
97512341	97548456	900
97548456	97597448	950
97597448	97598047	900
97598047	97660696	950
97660696	97669365	900
97669365	97670502	950
97670502	97672276	900
97672276	97792520	950
97792520	97831577	900
97831577	97883012	850
97883012	97889339	900
97889339	98034521	850
98034521	98128035	900
98128035	98172833	850
98172833	98206936	900
98206936	98221941	850
98221941	98228271	800
98228271	98236409	750
98236409	98239388	700
98239388	98241881	650
98241881	98248782	600
98248782	98278365	550
98278365	98294435	500
98294435	98331553	450
98331553	98343427	400
98343427	98369265	450
98369265	98369485	500
98369485	98380855	450
98380855	98390451	500
98390451	98474892	550
98474892	98550597	600
98550597	98554574	650
98554574	98560858	700
98560858	98562406	750
98562406	98577226	800
98577226	98602959	750
98602959	98629667	700
98629667	98646242	650
98646242	98661697	600
98661697	98779444	550
98779444	98813519	600
98813519	98835415	650
98835415	98845013	700
98845013	98855522	750
98855522	98873446	800
98873446	98903697	850
98903697	98916204	800
98916204	98950143	750
98950143	98966973	700
98966973	99014056	650
99014056	99017643	700
99017643	99025981	750
99025981	99103005	800
99103005	99104190	850
99104190	99118110	800
99118110	99126684	850
99126684	99142146	800
99142146	99174062	850
99174062	99175335	800
99175335	99196649	850
99196649	99245075	900
99245075	99251587	850
99251587	99278758	900
99278758	99279463	850
99279463	99341731	900
99341731	99341807	850
99341807	99342101	900
99342101	99343444	850
99343444	99344643	900
99344643	99345124	850
99345124	99381943	900
99381943	99394834	850
99394834	99399722	800
99399722	99403065	750
99403065	99405845	700
99405845	99409578	650
99409578	99418271	600
99418271	99427211	650
99427211	99427350	700
99427350	99427811	750
99427811	99429301	800
99429301	99432619	850
99432619	99437587	800
99437587	99443948	850
99443948	99458572	800
99458572	99558660	850
99558660	99581927	800
99581927	99589435	850
99589435	99727809	800
99727809	99744398	750
99744398	99765506	700
99765506	99785347	750
99785347	99872502	800
99872502	99875113	850
99875113	99876138	800
99876138	99890168	850
99890168	99891552	800
99891552	99905190	850
99905190	99943004	800
99943004	99959811	850
99959811	99965728	800
99965728	99970392	850
99970392	99977455	800
99977455	100050900	850
100050900	100057955	800
100057955	100072835	850
100072835	100133144	800
100133144	100174810	850
100174810	100196355	900
100196355	100214021	950
100214021	100216576	900
100216576	100246924	950
100246924	100251502	900
100251502	100257601	950
100257601	100314881	900
100314881	100379639	950
100379639	100387505	900
100387505	100389266	950
100389266	100389583	900
100389583	100391668	950
100391668	100391847	900
100391847	100394779	950
100394779	100396095	900
100396095	100400356	950
100400356	100403103	900
100403103	100404687	950
100404687	100481498	900
100481498	100487947	850
100487947	100501070	800
100501070	100516013	750
100516013	100528062	700
100528062	100533711	750
100533711	100534440	700
100534440	100545394	750
100545394	100550383	800
100550383	100555181	850
100555181	100564216	900
100564216	100566166	950
100566166	100619398	900
100619398	100640850	850
100640850	100668534	800
100668534	100718766	850
100718766	100742153	900
100742153	100744086	850
100744086	100952218	900
100952218	100970878	850
100970878	100974225	900
100974225	100975420	850
100975420	101002770	900
101002770	101023811	850
101023811	101028225	800
101028225	101039906	850
101039906	101091512	900
101091512	101099491	950
101099491	101099769	900
101099769	101102340	950
101102340	101125930	900
101125930	101161579	850
101161579	101175703	800
101175703	101184772	850
101184772	101255684	900
101255684	101278944	950
101278944	101280046	900
101280046	101305421	950
101305421	101309714	900
101309714	101311721	950
101311721	101334321	900
101334321	101336004	950
101336004	101364020	900
101364020	101369312	850
101369312	101524004	900
101524004	101539167	950
101539167	101678692	900
101678692	101700186	850
101700186	101718958	900
101718958	101788254	850
101788254	101790358	900
101790358	101795320	850
101795320	101841222	900
101841222	101848100	850
101848100	101851866	900
101851866	101851879	850
101851879	101945154	900
101945154	102005618	850
102005618	102030009	800
102030009	102034506	750
102034506	102037061	700
102037061	102046986	650
102046986	102049786	600
102049786	102054861	550
102054861	102072804	500
102072804	102131832	450
102131832	102136849	500
102136849	102137395	550
102137395	102137507	600
102137507	102137717	650
102137717	102138145	700
102138145	102139081	750
102139081	102152840	800
102152840	102161859	750
102161859	102175899	700
102175899	102184602	650
102184602	102185949	700
102185949	102197088	650
102197088	102201814	600
102201814	102209432	650
102209432	102209835	600
102209835	102212527	650
102212527	102265485	600
102265485	102279826	650
102279826	102346222	600
102346222	102348379	650
102348379	102351964	700
102351964	102352899	750
102352899	102354558	800
102354558	102363561	850
102363561	102364071	900
102364071	102364256	850
102364256	102364449	900
102364449	102364623	850
102364623	102365487	900
102365487	102366350	850
102366350	102408010	900
102408010	102457866	850
102457866	102468740	900
102468740	102473934	850
102473934	102486851	900
102486851	102503331	850
102503331	102504198	800
102504198	102528047	850
102528047	102558609	900
102558609	102564788	850
102564788	102625615	900
102625615	102632043	950
102632043	102638575	900
102638575	102641103	850
102641103	102649873	900
102649873	102660032	950
102660032	102661034	900
102661034	102668496	950
102668496	102669773	900
102669773	102685385	950
102685385	102691652	900
102691652	102696902	950
102696902	102699333	900
102699333	102706029	950
102706029	102706697	900
102706697	102721224	950
102721224	102734588	900
102734588	102740866	950
102740866	102755978	900
102755978	102812867	950
102812867	102819864	900
102819864	102828577	950
102828577	102830379	900
102830379	103006655	950
103006655	103009748	900
103009748	103089878	950
103089878	103092482	900
103092482	103100366	950
103100366	103112223	900
103112223	103285078	950
103285078	103298908	900
103298908	103457127	950
103457127	103458157	900
103458157	103589035	950
103589035	103591320	900
103591320	104101246	950
104101246	104102288	900
104102288	104466686	950
104466686	104468415	900
104468415	104813869	950
104813869	104815304	900
104815304	104909646	950
104909646	104914583	900
104914583	104918860	950
104918860	104920432	900
104920432	104923488	950
104923488	104927400	900
104927400	105178320	950
105178320	105184740	900
105184740	105263611	950
105263611	105268244	900
105268244	105297868	950
105297868	105298754	900
105298754	105312023	950
105312023	105313106	900
105313106	105470347	950
105470347	105484068	900
105484068	105589604	950
105589604	105590152	900
105590152	105592003	950
105592003	105592341	900
105592341	105593434	950
105593434	105595198	900
105595198	105641873	950
105641873	105642861	900
105642861	105647085	950
105647085	105648433	900
105648433	105652919	950
105652919	105670675	900
105670675	105672897	850
105672897	105684774	900
105684774	105742894	950
105742894	105744379	900
105744379	105760394	950
105760394	105763249	900
105763249	105765002	950
105765002	105783558	900
105783558	105847808	950
105847808	105851134	900
105851134	105865131	950
105865131	105867056	900
105867056	105878356	950
105878356	105880855	900
105880855	105886071	950
105886071	105897193	900
105897193	105925328	950
105925328	105933652	900
105933652	105937182	850
105937182	105939039	800
105939039	105947321	750
105947321	105955057	800
105955057	105965820	850
105965820	105977137	900
105977137	105979286	850
105979286	105982561	800
105982561	105982838	850
105982838	105982950	800
105982950	105987047	850
105987047	105991922	800
105991922	106000042	750
106000042	106007495	700
106007495	106010033	650
106010033	106015437	700
106015437	106023015	750
106023015	106045218	800
106045218	106046332	850
106046332	106049936	900
106049936	106070631	950
106070631	106079307	900
106079307	106088192	950
106088192	106090086	900
106090086	106092145	950
106092145	106100077	900
106100077	106107853	950
106107853	106112799	900
106112799	106118145	950
106118145	106122339	900
106122339	106132268	950
106132268	106133051	900
106133051	106160590	950
106160590	106163901	900
106163901	106302858	950
106302858	106304209	900
106304209	106412690	950
106412690	106414213	900
106414213	106437197	950
106437197	106441088	900
106441088	106453627	950
106453627	106461725	900
106461725	106514529	950
106514529	106523076	900
106523076	106538744	950
106538744	106553522	900
106553522	106617270	950
106617270	106618280	900
106618280	106621533	850
106621533	106629034	900
106629034	106640459	950
106640459	106640939	900
106640939	107294648	950
107294648	107295376	900
107295376	107314675	950
107314675	107317742	900
107317742	107607546	950
107607546	107621754	900
107621754	107633502	850
107633502	107642258	800
107642258	107651064	750
107651064	107655694	700
107655694	107665634	650
107665634	107669105	700
107669105	107699791	650
107699791	107711565	700
107711565	107713701	750
107713701	107717531	800
107717531	107721989	850
107721989	107732188	900
107732188	107733888	950
107733888	107768967	900
107768967	108495788	950
108495788	108503126	900
108503126	108576610	950
108576610	108577033	900
108577033	109200333	950
109200333	109247780	900
109247780	109598644	950
109598644	109603655	900
109603655	109613329	950
109613329	109624343	900
109624343	109632164	850
109632164	109663426	900
109663426	109956815	950
109956815	109959143	900
109959143	110061787	950
110061787	110160930	900
110160930	110180794	850
110180794	110209639	900
110209639	110300681	950
110300681	110322391	900
110322391	110332247	850
110332247	110366650	800
110366650	110372102	850
110372102	110395850	900
110395850	110622050	950
110622050	110702817	900
110702817	110745345	850
110745345	110773085	900
110773085	112185700	950
112185700	112309251	900
112309251	112525755	950
112525755	112563079	900
112563079	112766718	950
112766718	112769882	900
112769882	112846614	950
112846614	112864377	900
112864377	112915029	850
112915029	112958003	800
112958003	112974440	850
112974440	113031386	900
113031386	113152768	950
113152768	113177509	900
113177509	113256879	850
113256879	113351024	900
113351024	113366260	950
113366260	113373146	900
113373146	113660671	950
113660671	113756220	900
113756220	113954054	850
113954054	113980390	800
113980390	114007342	750
114007342	114013880	700
114013880	114020388	650
114020388	114055029	600
114055029	114098075	650
114098075	114107568	600
114107568	114110377	550
114110377	114118798	600
114118798	114135492	650
114135492	114142980	700
