0	15963028	950
43749	67546	900
67546	114184	850
114184	133437	800
133437	141794	750
141794	146548	700
146548	148895	650
148895	169567	600
169567	196296	550
196296	214967	500
214967	257980	550
257980	262781	600
262781	267787	650
267787	276631	700
276631	280176	750
280176	288708	800
288708	315763	850
315763	318712	900
318712	335773	850
335773	338230	800
338230	339500	850
339500	354866	900
354866	384686	950
384686	386528	900
386528	390353	950
390353	391019	900
391019	411363	950
411363	411884	900
411884	413914	950
413914	415912	900
415912	427230	950
427230	427775	900
427775	564371	950
564371	565479	900
565479	567418	950
567418	572564	900
572564	638480	950
638480	648315	900
648315	652459	850
652459	722224	800
722224	748542	750
748542	755888	800
755888	812764	850
812764	830094	900
830094	889045	950
889045	889863	900
889863	891905	950
891905	894142	900
894142	897175	950
897175	897236	900
897236	897829	950
897829	902802	900
902802	916962	950
916962	917394	900
917394	976717	950
976717	982312	900
982312	1000731	950
1000731	1010678	900
1010678	1365858	950
1365858	1392231	900
1392231	1397118	950
1397118	1409273	900
1409273	2320132	950
2320132	2321115	900
2321115	2443176	950
2443176	2490059	900
2490059	2516839	850
2516839	2527200	800
2527200	2556191	750
2556191	2602451	700
2602451	2609814	750
2609814	2617941	800
2617941	2644272	850
2644272	2647182	800
2647182	2650915	750
2650915	2656606	700
2656606	2661172	650
2661172	2688758	600
2688758	2798753	550
2798753	2807956	600
2807956	2811166	650
2811166	2816247	700
2816247	2819890	750
2819890	2822885	800
2822885	2831497	850
2831497	2880646	900
2880646	2881531	850
2881531	2900205	900
2900205	2907206	850
2907206	2910523	800
2910523	2911768	750
2911768	2931145	700
2931145	2960679	750
2960679	2993563	800
2993563	3005272	850
3005272	3050760	900
3050760	3064118	850
3064118	3072718	800
3072718	3081479	750
3081479	3103388	800
3103388	3216375	850
3216375	3236315	900
3236315	3238120	850
3238120	3274305	800
3274305	3289309	850
3289309	3338873	900
3338873	3428846	950
3428846	3443075	900
3443075	3446720	850
3446720	3448314	800
3448314	3450570	850
3450570	3488079	900
3488079	3488471	850
3488471	3488521	900
3488521	3488763	850
3488763	3488899	900
3488899	3489567	850
3489567	3491318	900
3491318	3492903	850
3492903	3505325	900
3505325	3515812	950
3515812	3519221	900
3519221	3520225	950
3520225	3530268	900
3530268	3570977	950
3570977	3573232	900
3573232	3592615	950
3592615	3595415	900
3595415	3800136	950
3800136	3800932	900
3800932	3803665	950
3803665	3805764	900
3805764	3806745	950
3806745	3807659	900
3807659	3822645	950
3822645	3839561	900
3839561	3864119	950
3864119	3865252	900
3865252	3865947	950
3865947	3866654	900
3866654	3866896	950
3866896	3872312	900
3872312	3874373	950
3874373	3874971	900
3874971	3899569	950
3899569	3902799	900
3902799	3903402	950
3903402	3904053	900
3904053	3905258	950
3905258	3906240	900
3906240	4739404	950
4739404	4742136	900
4742136	5132922	950
5132922	5136289	900
5136289	5191853	950
5191853	5204122	900
5204122	5254491	850
5254491	5271804	800
5271804	5277198	750
5277198	5282314	700
5282314	5283363	750
5283363	5285407	800
5285407	5290593	850
5290593	5304051	900
5304051	5342929	950
5342929	5366666	900
5366666	5376966	850
5376966	5381494	800
5381494	5391450	750
5391450	5415474	800
5415474	5434336	850
5434336	5436413	900
5436413	5436959	850
5436959	5503844	900
5503844	5506348	850
5506348	5546898	900
5546898	5571980	950
5571980	5579371	900
5579371	5584914	950
5584914	5585300	900
5585300	5812114	950
5812114	5817100	900
5817100	5871333	950
5871333	5876158	900
5876158	5941041	950
5941041	5951036	900
5951036	6070485	950
6070485	6071928	900
6071928	6146668	950
6146668	6148211	900
6148211	6189829	950
6189829	6191230	900
6191230	6194380	950
6194380	6202684	900
6202684	6226495	950
6226495	6242407	900
6242407	6285641	950
6285641	6305054	900
6305054	6711428	950
6711428	6742608	900
6742608	6763827	950
6763827	6764510	900
6764510	6785949	950
6785949	6790592	900
6790592	6801989	950
6801989	6808895	900
6808895	6825184	950
6825184	6840242	900
6840242	6860232	850
6860232	6865173	800
6865173	6905883	750
6905883	6910938	800
6910938	6917257	850
6917257	6922808	900
6922808	6998901	850
6998901	7002629	800
7002629	7028487	850
7028487	7032109	900
7032109	7047880	850
7047880	7048316	900
7048316	7050742	850
7050742	7079680	900
7079680	7080412	950
7080412	7081596	900
7081596	7537041	950
7537041	7541014	900
7541014	7545740	950
7545740	7575593	900
7575593	7578815	950
7578815	7638447	900
7638447	7646670	950
7646670	7648380	900
7648380	7763956	950
7763956	7784534	900
7784534	7819137	950
7819137	7819502	900
7819502	7859739	950
7859739	7883650	900
7883650	7895913	950
7895913	7912946	900
7912946	7915718	950
7915718	7917342	900
7917342	7937986	850
7937986	7940731	800
7940731	7945259	850
7945259	7952244	800
7952244	7970637	850
7970637	8021534	800
8021534	8040281	750
8040281	8052720	800
8052720	8084392	750
8084392	8086764	800
8086764	8087360	850
8087360	8093909	900
8093909	8106225	850
8106225	8114202	800
8114202	8122324	850
8122324	8151318	900
8151318	8153175	950
8153175	8154583	900
8154583	8165513	950
8165513	8166826	900
8166826	8182371	950
8182371	8197929	900
8197929	8199690	950
8199690	8217527	900
8217527	8230591	950
8230591	8241741	900
8241741	8242888	950
8242888	8243365	900
8243365	8274038	950
8274038	8274501	900
8274501	8276721	950
8276721	8277097	900
8277097	8280018	950
8280018	8281213	900
8281213	8286169	950
8286169	8287214	900
8287214	8304080	950
8304080	8307147	900
8307147	8307172	950
8307172	8309623	900
8309623	8311773	950
8311773	8315667	900
8315667	8318041	950
8318041	8359245	900
8359245	8365968	850
8365968	8367812	800
8367812	8368787	850
8368787	8371396	800
8371396	8396058	850
8396058	8396939	800
8396939	8400908	850
8400908	8405320	900
8405320	8586925	950
8586925	8603942	900
8603942	8628819	850
8628819	8629565	800
8629565	8638485	850
8638485	8648575	900
8648575	8706937	950
8706937	8773169	900
8773169	8776253	850
8776253	8781494	900
8781494	8815019	850
8815019	8815947	800
8815947	8823589	850
8823589	9021253	900
9021253	9044973	850
9044973	9061922	800
9061922	9072666	750
9072666	9079766	700
9079766	9085345	650
9085345	9089759	600
9089759	9094631	550
9094631	9106506	500
9106506	9177627	450
9177627	9190046	400
9190046	9266073	350
9266073	9273997	400
9273997	9277481	450
9277481	9292904	500
9292904	9311142	550
9311142	9317645	600
9317645	9331718	650
9331718	9394060	700
9394060	9399151	750
9399151	9404621	800
9404621	9437960	850
9437960	9445367	800
9445367	9460593	750
9460593	9480904	700
9480904	9502065	650
9502065	9529119	600
9529119	9534277	650
9534277	9543477	600
9543477	9561582	550
9561582	9586197	600
9586197	9602357	650
9602357	9608571	700
9608571	9618203	750
9618203	9626215	800
9626215	9643910	850
9643910	9699261	900
9699261	9702114	950
9702114	9703336	900
9703336	9798365	950
9798365	9801217	900
9801217	9802406	950
9802406	9808013	900
9808013	9816970	950
9816970	9836527	900
9836527	9848126	850
9848126	9853958	800
9853958	9856602	850
9856602	9875115	900
9875115	9916281	850
9916281	9934125	800
9934125	9950757	750
9950757	9955934	800
9955934	9969386	850
9969386	9983187	900
9983187	10424873	950
10424873	10461148	900
10461148	10463811	850
10463811	10466471	900
10466471	10486122	850
10486122	10489927	800
10489927	10505879	850
10505879	10514526	800
10514526	10520639	850
10520639	10546041	800
10546041	10551278	850
10551278	10620380	900
10620380	10641455	950
10641455	10658825	900
10658825	10660552	850
10660552	10660670	800
10660670	10661624	850
10661624	10663666	800
10663666	10666608	850
10666608	10668456	800
10668456	10679096	850
10679096	10717250	800
10717250	10720942	750
10720942	10723524	700
10723524	10735402	650
10735402	10744342	700
10744342	10750304	750
10750304	10754343	800
10754343	10759039	850
10759039	10762590	800
10762590	10776713	750
10776713	10800832	800
10800832	10806385	850
10806385	10910504	900
10910504	10915250	950
10915250	10922958	900
10922958	10958576	950
10958576	10975463	900
10975463	11693419	950
11693419	11727843	900
11727843	11755627	850
11755627	11766136	900
11766136	11789363	850
11789363	11796855	900
11796855	11840355	850
11840355	11843404	800
11843404	11849445	850
11849445	12017653	900
12017653	12022483	850
12022483	12246468	900
12246468	12264026	850
12264026	12264396	800
12264396	12266338	850
12266338	12283797	800
12283797	12295682	750
12295682	12313174	700
12313174	12360251	650
12360251	12366012	700
12366012	12375755	750
12375755	12398586	800
12398586	12418493	750
12418493	12429145	700
12429145	12432014	650
12432014	12433259	600
12433259	12458705	550
12458705	12486148	600
12486148	12635820	650
12635820	12710985	600
12710985	12726755	650
12726755	12727410	700
12727410	12728521	750
12728521	12730899	800
12730899	12763439	850
12763439	12764704	800
12764704	12772215	750
12772215	12799745	700
12799745	12802372	750
12802372	12805723	700
12805723	12827250	750
12827250	12829981	700
12829981	12873383	750
12873383	12915065	800
12915065	12919689	750
12919689	12923238	700
12923238	12932121	650
12932121	12945926	600
12945926	12965878	550
12965878	13024569	500
13024569	13101631	450
13101631	13116205	500
13116205	13123268	550
13123268	13133451	600
13133451	13142236	650
13142236	13153390	700
13153390	13165569	750
13165569	13182602	800
13182602	13218618	850
13218618	13273261	900
13273261	13566678	950
13566678	13632462	900
13632462	13638196	850
13638196	13640201	800
13640201	13641115	750
13641115	13751563	700
13751563	13770147	750
13770147	13787605	800
13787605	13847957	850
13847957	13975132	900
13975132	14433914	950
14433914	15075142	900
15075142	15242601	850
15242601	15282757	800
15282757	15298563	750
15298563	15589733	700
15589733	16004299	650
16004299	16316580	600
16316580	16546952	550
16546952	16704134	500
16704134	16790524	450
16790524	16791611	400
16791611	16792108	350
16792108	16801490	300
16801490	17067381	250
17067381	17216654	200
17216654	17244883	250
17244883	17311928	200
17311928	17311934	250
17311934	17346177	200
17346177	17427731	150
17427731	17497357	200
17497357	17516658	250
17516658	17592063	300
17592063	17706809	250
17706809	17724691	300
17724691	17737969	350
17737969	17738130	400
17738130	17738355	450
17738355	17738660	500
17738660	17739064	550
17739064	17739599	600
17739599	17740315	650
17740315	17741604	700
17741604	17929439	750
17929439	18012518	800
18012518	18013677	750
18013677	18034011	800
18034011	18037067	750
18037067	18078550	800
18078550	18087081	850
18087081	18088038	800
18088038	18105319	850
18105319	18147672	800
18147672	18168772	850
18168772	18266554	900
18266554	18283431	850
18283431	18303368	900
18303368	18306388	850
18306388	18321816	900
18321816	18324751	850
18324751	18328059	900
18328059	18329083	850
18329083	18336849	900
18336849	18359633	850
18359633	18362440	900
18362440	18362752	850
18362752	18369858	900
18369858	18383430	850
18383430	18385852	900
18385852	18388279	850
18388279	18389528	900
18389528	18391519	850
18391519	18392327	900
18392327	18395871	850
18395871	18441497	800
18441497	18447823	750
18447823	18454755	800
18454755	18493060	750
18493060	18516035	800
18516035	18528213	750
18528213	18549489	800
18549489	18554169	750
18554169	18602232	700
18602232	18635173	650
18635173	18678493	600
18678493	18861795	550
18861795	18879921	600
18879921	18887266	650
18887266	18891448	700
18891448	18897578	750
18897578	19023891	800
19023891	19034001	750
19034001	19042423	800
19042423	19054797	750
19054797	19110816	700
19110816	19146971	650
19146971	19169019	600
19169019	19234038	550
19234038	19335250	500
19335250	19352521	450
19352521	19414630	400
19414630	19421179	450
19421179	19425970	500
19425970	19454439	550
19454439	19464898	600
19464898	19488221	550
19488221	19508480	600
19508480	19572430	550
19572430	19603075	500
19603075	19615408	450
19615408	19639574	500
19639574	19647573	450
19647573	19660985	400
19660985	19723085	350
19723085	19732827	400
19732827	19735598	350
19735598	19744554	400
19744554	19750975	350
19750975	19790202	400
19790202	19802488	450
19802488	19811131	500
19811131	19824159	550
19824159	19831402	600
19831402	19852392	650
19852392	19875382	700
19875382	19879616	750
19879616	19897915	800
19897915	19940412	750
19940412	19954766	700
19954766	20001382	650
20001382	20017043	700
20017043	20026692	750
20026692	20032834	800
20032834	20094128	850
20094128	20104181	900
20104181	20156866	850
20156866	20227041	900
20227041	20234241	850
20234241	20266494	800
20266494	20297500	750
20297500	20317485	800
20317485	20341475	850
20341475	20346581	900
20346581	20352156	850
20352156	20393898	900
20393898	20396499	850
20396499	20417490	900
20417490	20423082	850
20423082	20425338	900
20425338	20490059	850
20490059	20492062	800
20492062	20492149	850
20492149	20539718	800
20539718	20560131	850
20560131	20561480	800
20561480	20582096	850
20582096	20586517	900
20586517	20597066	850
20597066	20599150	800
20599150	20612936	850
20612936	20619891	800
20619891	20621952	850
20621952	20631104	800
20631104	20642359	850
20642359	20660138	800
20660138	20669327	850
20669327	20697530	900
20697530	20699940	850
20699940	20708540	800
20708540	20713495	850
20713495	20749329	900
20749329	20751822	850
20751822	20767164	800
20767164	20785122	850
20785122	20800923	900
20800923	20824166	850
20824166	20826820	800
20826820	20833672	850
20833672	20835754	900
20835754	20836487	850
20836487	20839719	900
20839719	20840115	850
20840115	20848393	900
20848393	20871073	850
20871073	20872819	800
20872819	20874560	850
20874560	20875931	800
20875931	20887424	850
20887424	20887618	800
20887618	20889209	850
20889209	20901968	800
20901968	20902841	750
20902841	20907719	800
20907719	20915700	850
20915700	20933373	900
20933373	20946055	850
20946055	20949689	800
20949689	20955917	850
20955917	20964192	800
20964192	20967753	750
20967753	20983918	700
20983918	20988453	750
20988453	21000547	800
21000547	21000605	850
21000605	21004408	900
21004408	21004935	850
21004935	21005693	800
21005693	21007579	750
21007579	21009424	700
21009424	21028334	650
21028334	21032064	700
21032064	21035079	750
21035079	21047236	800
21047236	21055375	850
21055375	21057279	800
21057279	21057997	750
21057997	21058814	700
21058814	21061696	650
21061696	21061738	700
21061738	21061781	650
21061781	21061840	700
21061840	21061876	650
21061876	21061941	700
21061941	21061981	650
21061981	21062047	700
21062047	21062117	650
21062117	21062229	700
21062229	21062346	650
21062346	21062535	700
21062535	21062600	650
21062600	21064129	700
21064129	21074532	700
21072360	21073124	700
21073124	21076125	650
21076125	21085840	700
21085840	21087281	650
21087281	21093682	700
21093682	21107414	750
21107414	21116198	700
21116198	21118202	750
21118202	21124587	800
21124587	21127188	850
21127188	21128829	800
21128829	21136081	850
21136081	21146218	800
21146218	21147786	850
21147786	21153857	900
21153857	21157714	850
21157714	21161668	800
21161668	21182833	850
21182833	21205459	900
21205459	21208095	850
21208095	21212012	900
21212012	21221793	950
21221793	21248379	900
21248379	21255628	950
21255628	21261002	900
21261002	21267253	850
21267253	21276285	800
21276285	21292031	850
21292031	21299348	900
21299348	21305628	850
21305628	21341932	900
21341932	21368817	850
21368817	21373266	900
21373266	21373728	850
21373728	21388736	900
21388736	21395493	850
21395493	21397038	900
21397038	21403740	850
21403740	21422723	900
21422723	21429296	850
21429296	21437759	900
21437759	21444650	850
21444650	21468463	900
21468463	21470875	850
21470875	21475467	800
21475467	21490301	850
21490301	21504355	800
21504355	21533739	850
21533739	21535121	900
21535121	21539905	850
21539905	21547120	800
21547120	21559282	850
21559282	21562218	800
21562218	21569178	850
21569178	21589444	900
21589444	21593915	850
21593915	21612010	900
21612010	21617463	850
21617463	21624611	900
21624611	21640394	850
21640394	21659490	900
21659490	21660052	850
21660052	21661904	900
21661904	21663638	850
21663638	21670846	900
21670846	21703998	850
21703998	21715636	800
21715636	21724273	850
21724273	21751943	800
21751943	21757890	850
21757890	21758333	800
21758333	21763244	850
21763244	21771311	800
21771311	21773375	850
21773375	21806255	800
21806255	21806896	750
21806896	21809802	700
21809802	21812435	650
21812435	21815531	600
21815531	21818982	550
21818982	21836337	600
21836337	21837114	550
21837114	21952236	500
21952236	21963538	550
21963538	21997062	600
21997062	22032208	650
22032208	22032978	700
22032978	22053271	750
22053271	22058296	700
22058296	22060282	650
22060282	22098082	600
22098082	22132984	550
22132984	22148367	500
22148367	22180199	450
22180199	22226347	500
22226347	22229949	550
22229949	22244134	600
22244134	22268119	650
22268119	22277483	700
22277483	22280987	750
22280987	22289096	800
22289096	22290077	750
22290077	22305759	800
22305759	22308418	850
22308418	22311973	800
22311973	22312153	850
22312153	22312874	800
22312874	22320064	850
22320064	22322282	900
22322282	22322986	850
22322986	22349615	900
22349615	22351703	950
22351703	22385590	900
22385590	22385811	850
22385811	22388369	900
22388369	22390757	850
22390757	22398735	900
22398735	22403713	850
22403713	22450107	900
22450107	22462655	950
22462655	22462991	900
22462991	22483670	950
22483670	22487895	900
22487895	22489775	850
22489775	22490947	900
22490947	22492813	850
22492813	22519565	900
22519565	22521484	850
22521484	22543294	900
22543294	22546280	850
22546280	22557017	900
22557017	22561528	950
22561528	22583554	900
22583554	22588191	950
22588191	22592368	900
22592368	22595875	950
22595875	22623196	900
22623196	22623899	850
22623899	22625119	900
22625119	22628776	850
22628776	22636927	900
22636927	22644761	850
22644761	22653071	900
22653071	22656527	850
22656527	22677566	800
22677566	22682778	750
22682778	22685299	700
22685299	22690192	650
22690192	22691555	700
22691555	22697153	750
22697153	22700317	800
22700317	22707460	850
22707460	22714516	900
22714516	22738860	850
22738860	22741881	800
22741881	22749537	750
22749537	22749571	700
22749571	22749643	750
22749643	22749735	700
22749735	22749762	750
22749762	22750770	700
22750770	22752853	750
22752853	22759810	800
22759810	22770717	750
22770717	22787339	800
22787339	22807353	750
22807353	22843606	700
22843606	22857793	750
22857793	22868943	800
22868943	22874972	850
22874972	22876300	800
22876300	22880370	850
22880370	22882466	900
22882466	22899903	850
22899903	22908937	900
22908937	22915066	850
22915066	22943420	800
22943420	22969771	750
22969771	23000035	800
23000035	23015397	850
23015397	23037857	900
23037857	23044567	850
23044567	23098593	900
23098593	23100334	950
23100334	23113628	900
23113628	23124720	950
23124720	23130852	900
23130852	23137918	850
23137918	23163483	900
23163483	23169059	950
23169059	23185650	900
23185650	23191093	950
23191093	23192194	900
23192194	23196895	950
23196895	23218177	900
23218177	23233402	950
23233402	23266288	900
23266288	23272543	950
23272543	23293255	900
23293255	23305191	950
23305191	23315829	900
23315829	23321526	950
23321526	23323440	900
23323440	23326934	950
23326934	23335983	900
23335983	23370831	950
23370831	23396586	900
23396586	23410738	950
23410738	23418927	900
23418927	23422324	850
23422324	23444162	800
23444162	23446574	850
23446574	23453780	900
23453780	23454214	950
23454214	23456318	900
23456318	23460317	950
23460317	23480755	900
23480755	23484007	850
23484007	23489433	900
23489433	23490086	850
23490086	23495672	800
23495672	23501150	750
23501150	23506861	800
23506861	23506935	850
23506935	23507255	900
23507255	23514667	950
23514667	23535522	900
23535522	23543183	950
23543183	23553006	900
23553006	23556935	950
23556935	23577283	900
23577283	23589790	850
23589790	23598218	900
23598218	23598383	950
23598383	23598671	900
23598671	23601582	950
23601582	23602384	900
23602384	23603266	950
23603266	23603434	900
23603434	23605510	950
23605510	23606278	900
23606278	23607601	950
23607601	23657134	900
23657134	23660428	850
23660428	23670312	900
23670312	23673030	850
23673030	23753005	900
23753005	23783950	850
23783950	23785445	800
23785445	23785922	750
23785922	23815159	800
23815159	23816320	750
23816320	23824299	700
23824299	23830207	650
23830207	23840240	700
23840240	23865650	650
23865650	23872755	700
23872755	23874507	750
23874507	23875327	700
23875327	23886777	650
23886777	23909516	700
23909516	23912420	750
23912420	23917740	700
23917740	23925184	750
23925184	23927177	800
23927177	23928757	850
23928757	23931864	800
23931864	23932316	750
23932316	23947451	700
23947451	23958675	750
23958675	23973769	800
23973769	23980124	850
23980124	23988793	800
23988793	24011634	750
24011634	24014072	800
24014072	24014414	850
24014414	24016353	900
24016353	24034203	850
24034203	24053067	900
24053067	24066686	850
24066686	24083563	900
24083563	24105001	850
24105001	24115192	900
24115192	24124028	850
24124028	24154069	900
24154069	24178125	850
24178125	24181263	900
24181263	24190571	950
24190571	24198181	900
24198181	24211907	850
24211907	24235222	900
24235222	24238916	850
24238916	24298752	900
24298752	24338851	950
24338851	24349834	900
24349834	24354118	950
24354118	24373482	900
24373482	24380359	850
24380359	24486378	900
24486378	24510202	850
24510202	24512119	900
24512119	24514096	950
24514096	24515344	900
24515344	24535724	850
24535724	24555826	800
24555826	24563654	850
24563654	24613120	800
24613120	24614301	850
24614301	24617749	900
24617749	24631417	850
24631417	24685221	800
24685221	24685845	850
24685845	24696503	900
24696503	24734378	850
24734378	24746548	900
24746548	24753265	950
24753265	24790476	900
24790476	24793843	950
24793843	24816027	900
24816027	24828465	950
24828465	24854050	900
24854050	24899692	950
24899692	24907276	900
24907276	24913891	950
24913891	24925293	900
24925293	24937639	950
24937639	24972336	900
24972336	24983942	850
24983942	24988954	900
24988954	24991964	950
24991964	25006997	900
25006997	25072979	950
25072979	25087316	900
25087316	25138582	950
25138582	25181435	900
25181435	25327188	950
25327188	25331702	900
25331702	25431173	950
25431173	25458480	900
25458480	25495900	950
25495900	25499946	900
25499946	25544421	950
25544421	25557646	900
25557646	25688935	950
25688935	25690851	900
25690851	25761318	950
25761318	25763635	900
25763635	25781139	950
25781139	25797302	900
25797302	25809240	950
25809240	25876817	900
25876817	25921265	950
25921265	26044104	900
26044104	26086768	950
26086768	26108382	900
26108382	26112447	950
26112447	26167438	900
26167438	26171072	950
26171072	26173020	900
26173020	26221091	950
26221091	26244740	900
26244740	26303316	950
26303316	26330954	900
26330954	26333841	950
26333841	26338657	900
26338657	26362417	950
26362417	26427645	900
26427645	26434575	850
26434575	26532899	900
26532899	26551853	850
26551853	26559465	900
26559465	26560784	850
26560784	26637688	900
26637688	26648769	850
26648769	26686327	900
26686327	26687533	850
26687533	26711189	900
26711189	26719586	850
26719586	26733744	800
26733744	26757562	850
26757562	26762370	900
26762370	26785279	850
26785279	26789313	900
26789313	26807993	850
26807993	26817186	900
26817186	26821201	850
26821201	26827090	800
26827090	26831422	750
26831422	26845294	700
26845294	26845365	750
26845365	26850110	700
26850110	26866436	650
26866436	26897506	700
26897506	26902676	650
26902676	26916380	600
26916380	26923849	650
26923849	26927844	700
26927844	26932127	750
26932127	26937002	700
26937002	26939180	650
26939180	26951139	700
26951139	26973693	650
26973693	26974389	700
26974389	26975726	750
26975726	26988739	700
26988739	27019944	650
27019944	27020405	700
27020405	27036971	750
27036971	27049532	800
27049532	27075242	750
27075242	27080541	700
27080541	27089963	750
27089963	27146199	700
27146199	27150884	650
27150884	27155287	600
27155287	27171476	650
27171476	27179903	700
27179903	27180470	650
27180470	27190318	600
27190318	27200561	550
27200561	27238163	500
27238163	27240514	550
27240514	27249233	600
27249233	27252095	650
27252095	27281653	700
27281653	27282891	650
27282891	27289748	700
27289748	27319520	650
27319520	27322191	700
27322191	27350725	750
27350725	27352770	700
27352770	27387209	650
27387209	27388934	700
27388934	27418554	750
27418554	27449850	700
27449850	27483776	650
27483776	27503987	700
27503987	27536140	750
27536140	27624568	800
27624568	27634635	750
27634635	27649713	700
27649713	27655638	650
27655638	27658408	600
27658408	27659882	550
27659882	27678810	500
27678810	27768346	450
27768346	27771707	500
27771707	27777524	550
27777524	27780825	600
27780825	27782762	650
27782762	27786156	700
27786156	27801464	750
27801464	27819167	800
27819167	27828575	850
27828575	27831084	800
27831084	27833026	850
27833026	27855779	800
27855779	27856189	750
27856189	27870619	800
27870619	27906152	750
27906152	27932301	700
27932301	27953071	650
27953071	27967740	600
27967740	27972781	650
27972781	27982527	700
27982527	28034692	750
28034692	28061433	700
28061433	28091347	750
28091347	28097332	700
28097332	28105133	650
28105133	28110808	700
28110808	28123928	650
28123928	28130982	700
28130982	28131626	750
28131626	28131985	700
28131985	28162579	750
28162579	28164709	800
28164709	28183133	750
28183133	28190905	700
28190905	28277716	750
28277716	28287329	800
28287329	28288746	850
28288746	28289024	800
28289024	28289320	850
28289320	28299317	800
28299317	28300870	850
28300870	28302429	800
28302429	28311908	850
28311908	28325106	800
28325106	28363466	850
28363466	28364262	800
28364262	28372462	850
28372462	28379034	800
28379034	28387335	850
28387335	28393450	800
28393450	28413084	750
28413084	28461300	700
28461300	28465135	750
28465135	28505651	700
28505651	28512412	650
28512412	28513193	700
28513193	28513503	750
28513503	28514994	800
28514994	28524193	850
28524193	28528016	800
28528016	28537487	750
28537487	28547835	800
28547835	28570894	750
28570894	28572801	800
28572801	28574688	850
28574688	28575945	800
28575945	28576931	750
28576931	28593720	800
28593720	28597838	750
28597838	28606010	700
28606010	28636097	650
28636097	28636596	700
28636596	28653888	750
28653888	28656028	800
28656028	28664395	750
28664395	28675817	700
28675817	28677656	750
28677656	28682509	800
28682509	28698630	750
28698630	28708052	700
28708052	28723874	650
28723874	28756856	700
28756856	28771616	650
28771616	28777520	600
28777520	28811655	650
28811655	28815587	700
28815587	28818667	750
28818667	28856104	700
28856104	28897229	750
28897229	28897579	800
28897579	28898053	750
28898053	28898135	700
28898135	28939924	650
28939924	28949886	600
28949886	29023624	550
29023624	29023812	600
29023812	29024146	650
29024146	29034067	700
29034067	29034951	750
29034951	29068346	700
29068346	29107591	750
29107591	29230156	800
29230156	29262105	850
29262105	29283632	800
29283632	29290710	850
29290710	29292237	800
29292237	29300143	850
29300143	29312656	800
29312656	29315827	850
29315827	29333322	800
29333322	29334604	850
29334604	29341120	800
29341120	29342280	750
29342280	29345974	800
29345974	29349462	750
29349462	29400492	700
29400492	29401699	650
29401699	29410421	600
29410421	29417828	550
29417828	29422655	600
29422655	29426246	650
29426246	29426717	700
29426717	29428814	750
29428814	29431738	700
29431738	29434444	650
29434444	29439254	600
29439254	29460116	550
29460116	29460246	600
29460246	29461038	550
29461038	29468774	600
29468774	29482651	550
29482651	29500721	500
29500721	29506315	550
29506315	29521443	600
29521443	29525509	650
29525509	29553153	700
29553153	29553862	750
29553862	29556063	700
29556063	29557457	650
29557457	29558201	600
29558201	29562459	550
29562459	29571371	500
29571371	29573408	450
29573408	29587328	400
29587328	29599419	450
29599419	29613284	500
29613284	29637887	550
29637887	29642615	600
29642615	29645211	650
29645211	29674752	700
29674752	29684004	750
29684004	29751360	700
29751360	29774963	750
29774963	29778395	700
29778395	29779054	750
29779054	29878836	700
29878836	29883650	650
29883650	29948894	700
29948894	29949098	750
29949098	29959592	700
29959592	29967726	650
29967726	30019630	700
30019630	30031792	750
30031792	30043906	800
30043906	30051891	750
30051891	30056677	700
30056677	30056876	650
30056876	30057257	700
30057257	30059720	650
30059720	30099361	700
30099361	30145164	750
30145164	30150223	700
30150223	30150877	750
30150877	30152194	700
30152194	30156113	750
30156113	30191083	800
30191083	30192471	850
30192471	30284037	800
30239864	30293633	100
30284037	30287569	850
30287569	30300012	800
30300012	30326467	850
30326467	30327228	800
30327228	30341474	850
30341474	30434356	800
30434356	30441778	850
30441778	30482155	800
30482155	30507103	850
30507103	30525360	800
30525360	30535070	750
30535070	30549094	700
30549094	30563021	750
30563021	30565254	700
30565254	30588715	750
30588715	30591495	700
30591495	30597187	750
30597187	30609263	700
30609263	30620662	650
30620662	30631529	600
30631529	30649841	550
30649841	30683306	500
30683306	30693905	550
30693905	30704287	500
30704287	30710370	550
30710370	30710447	600
30710447	30710638	650
30710638	30711143	700
30711143	30713915	750
30713915	30714502	700
30714502	30721272	650
30721272	30721275	700
30721275	30721385	650
30721385	30721512	700
30721512	30721634	650
30721634	30721636	700
30721636	30724239	650
30724239	30755368	600
30755368	30759845	650
30759845	30760787	700
30760787	30770395	750
30770395	30779105	800
30779105	30802288	750
30802288	30805034	800
30805034	30805306	750
30805306	30808398	800
30808398	30816186	750
30816186	30864996	800
30864996	30874878	750
30874878	30879830	700
30879830	30906654	750
30906654	30950370	700
30950370	30987585	650
30987585	31062999	700
31062999	31155700	650
31155700	31160726	600
31160726	31162761	550
31162761	31205535	500
31205535	31212634	550
31212634	31214934	600
31214934	31221063	650
31221063	31232619	700
31232619	31235460	750
31235460	31273837	800
31273837	31275997	850
31275997	31298024	800
31298024	31298336	750
31298336	31308851	800
31308851	31315954	750
31315954	31383949	800
31383949	31408093	750
31408093	31453725	700
31453725	31538694	650
31538694	31568206	700
31568206	31631024	750
31631024	31643030	700
31643030	31681636	750
31681636	31715736	700
31715736	31715820	750
31715820	31719363	700
31719363	31720473	650
31720473	31755632	600
31755632	31799969	550
31799969	31819380	500
31819380	31829648	450
31829648	31877240	500
31877240	31894818	550
31894818	31903645	600
31903645	31912541	650
31912541	31936776	700
31936776	31939211	650
31939211	31940230	600
31940230	31942025	550
31942025	31961527	500
31961527	31963581	550
31963581	32008497	500
32008497	32015854	550
32015854	32022540	600
32022540	32037808	650
32037808	32039365	700
32039365	32041807	750
32041807	32090359	800
32090359	32091687	850
32091687	32110889	800
32110889	32177736	850
32177736	32192889	800
32192889	32208107	850
32208107	32212593	800
32212593	32249624	850
32249624	32253384	900
32253384	32255018	850
32255018	32272833	900
32272833	32357275	850
32357275	32358353	800
32358353	32438628	850
32438628	32440476	800
32440476	32474952	750
32474952	32489289	700
32489289	32490215	650
32490215	32491436	700
32491436	32499745	650
32499745	32505947	700
32505947	32520819	650
32520819	32525993	600
32525993	32541260	550
32541260	32581113	600
32557648	32565323	50
32581113	32617338	550
32617338	32662599	500
32662599	32674257	450
32674257	32927200	400
32766781	32824776	0
32927200	32996594	450
32996594	33013803	500
33013803	33074847	550
33074847	33082249	500
33082249	33086245	550
33086245	33093274	600
33093274	33099960	650
33099960	33102695	700
33102695	33103106	650
33103106	33110422	700
33110422	33113687	750
33113687	33120687	800
33120687	33121302	850
33121302	33130100	800
33130100	33138587	850
33138587	33144545	800
33144545	33175680	850
33175680	33185163	900
33185163	33185294	850
33185294	33217307	900
33217307	33222308	850
33222308	33246113	900
33246113	33261061	850
33261061	33291269	900
33291269	33295558	850
33295558	33297918	900
33297918	33302434	850
33302434	33323808	900
33323808	33325904	950
33325904	33326205	900
33326205	33340204	950
33340204	33381633	900
33381633	33388412	850
33388412	33393376	800
33393376	33401936	750
33401936	33406640	800
33406640	33452255	850
33452255	33453906	900
33453906	33454756	850
33454756	33462890	900
33462890	33466233	850
33466233	33495152	800
33495152	33507257	850
33507257	33508296	800
33508296	33512034	850
33512034	33529256	900
33529256	33530987	850
33530987	33542224	900
33542224	33547693	850
33547693	33562466	800
33562466	33584464	850
33584464	33588644	900
33588644	33594357	850
33594357	33599709	800
33599709	33604764	850
33604764	33617919	900
33617919	33653334	850
33653334	33672615	900
33672615	33674508	950
33674508	33674803	900
33674803	33675487	950
33675487	33709567	900
33709567	33714172	950
33714172	33718295	900
33718295	33725200	850
33725200	33737660	800
33737660	33744032	750
33744032	33748709	800
33748709	33752399	850
33752399	33758695	900
33758695	33761175	950
33761175	33763429	900
33763429	33793203	850
33793203	33814971	900
33814971	33825634	850
33825634	33831861	900
33831861	33836685	950
33836685	33844249	900
33844249	33846256	850
33846256	33865149	900
33865149	33869070	850
33869070	33884799	800
33884799	33889621	850
33889621	33898652	800
33898652	33932634	750
33932634	33938234	800
33938234	33959845	850
33959845	33962284	900
33962284	33967155	950
33967155	33989207	900
33989207	34016160	850
34016160	34019641	900
34019641	34030542	950
34030542	34090360	900
34090360	34097016	950
34097016	34111163	900
34111163	34121455	850
34121455	34141787	800
34141787	34142425	850
34142425	34143655	900
34143655	34146326	950
34146326	34195986	900
34195986	34204334	950
34204334	34226837	900
34226837	34238581	950
34238581	34240560	900
34240560	34246092	950
34246092	34254429	900
34254429	34259954	850
34259954	34278581	900
34278581	34280228	850
34280228	34290958	900
34290958	34292325	950
34292325	34308394	900
34308394	34317823	950
34317823	34327182	900
34327182	34348598	850
34348598	34351007	900
34351007	34355873	850
34355873	34359209	900
34359209	34372743	950
34372743	34375306	900
34375306	34389068	950
34389068	34391534	900
34391534	34396526	950
34396526	34402724	900
34402724	34413927	850
34413927	34414539	900
34414539	34418438	950
34418438	34420144	900
34420144	34424855	850
34424855	34443142	800
34443142	34450274	850
34450274	34452270	800
34452270	34458388	850
34458388	34461233	800
34461233	34470214	750
34470214	34477407	700
34477407	34509748	750
34509748	34514811	800
34514811	34537910	850
34537910	34539078	800
34539078	34571613	750
34571613	34583009	800
34583009	34584191	850
34584191	34606446	800
34606446	34615622	850
34615622	34619165	900
34619165	34623594	950
34623594	34623770	900
34623770	34624281	850
34624281	34637795	800
34637795	34684929	850
34684929	34722073	900
34722073	34742220	850
34742220	34750112	800
34750112	34757259	850
34757259	34758367	900
34758367	34760317	950
34760317	34775295	900
34775295	34812895	850
34812895	34825924	900
34825924	34827234	850
34827234	34828327	900
34828327	34847413	850
34847413	34851058	800
34851058	34868261	750
34868261	34869124	800
34869124	34875318	850
34875318	34898272	800
34898272	34933704	850
34933704	34954207	800
34954207	34996640	850
34996640	34999363	800
34999363	35011740	850
35011740	35023450	800
35023450	35025984	850
35025984	35032379	900
35032379	35096724	850
35096724	35109955	900
35109955	35110768	850
35110768	35117017	900
35117017	35133107	850
35133107	35148786	800
35148786	35149612	850
35149612	35152318	900
35152318	35158975	850
35158975	35161217	900
35161217	35163583	850
35163583	35164634	800
35164634	35165409	850
35165409	35171721	800
35171721	35184363	750
35184363	35192765	800
35192765	35198942	850
35198942	35214337	900
35214337	35215078	850
35215078	35231460	900
35231460	35242309	950
35242309	35248211	900
35248211	35290471	850
35290471	35294680	800
35294680	35297327	750
35297327	35322625	700
35322625	35324418	750
35324418	35352145	700
35352145	35358160	750
35358160	35371499	800
35371499	35382664	850
35382664	35388077	800
35388077	35419139	750
35419139	35428030	800
35428030	35433274	750
35433274	35447658	700
35447658	35473578	750
35473578	35482175	800
35482175	35488021	850
35488021	35488654	800
35488654	35525462	750
35525462	35532758	800
35532758	35536423	750
35536423	35544707	800
35544707	35545562	750
35545562	35546505	700
35546505	35548231	650
35548231	35550851	600
35550851	35624417	550
35624417	35625212	600
35625212	35626869	650
35626869	35629187	700
35629187	35665153	750
35665153	35667527	800
35667527	35670418	850
35670418	35673591	900
35673591	35674570	950
35674570	35674733	900
35674733	35675458	950
35675458	35675692	900
35675692	35676212	950
35676212	35706390	900
35706390	35713007	850
35713007	35736141	900
35736141	35755717	850
35755717	35798398	900
35798398	35823705	850
35823705	35834802	800
35834802	35836326	850
35836326	35841236	800
35841236	35845124	850
35845124	35857832	800
35857832	35874408	850
35874408	35875727	900
35875727	35877937	850
35877937	35878090	900
35878090	35878193	850
35878193	35880377	900
35880377	35892587	850
35892587	35929678	800
35929678	35934162	750
35934162	35936292	800
35936292	35937406	850
35937406	35938498	900
35938498	35940547	950
35940547	35945929	900
35945929	35949779	950
35949779	35969920	900
35969920	35978266	950
35978266	35983669	900
35983669	35995568	850
35995568	36026264	900
36026264	36062043	950
36062043	36075654	900
36075654	36101398	950
36101398	36110665	900
36110665	36146559	950
36146559	36161690	900
36161690	36171040	950
36171040	36172725	900
36172725	36177633	950
36177633	36178746	900
36178746	36195229	950
36195229	36215422	900
36215422	36240429	950
36240429	36248522	900
36248522	36255217	950
36255217	36268699	900
36268699	36271439	950
36271439	36273507	900
36273507	36291133	850
36291133	36302683	900
36302683	36305863	850
36305863	36329194	900
36329194	36355048	850
36355048	36363219	800
36363219	36405135	750
36405135	36411828	800
36411828	36413432	850
36413432	36418648	900
36418648	36419869	850
36419869	36466573	800
36466573	36466915	850
36466915	36479440	800
36479440	36484912	850
36484912	36539405	800
36539405	36540009	850
36540009	36540992	900
36540992	36542393	950
36542393	36589917	900
36589917	36603566	950
36603566	36624460	900
36624460	36636793	950
36636793	36652032	900
36652032	36684272	950
36684272	36686701	900
36686701	36689564	950
36689564	36690090	900
36690090	36706081	950
36706081	36710632	900
36710632	36711455	950
36711455	36737750	900
36737750	36739339	850
36739339	36761782	900
36761782	36778093	950
36778093	36779458	900
36779458	36780848	950
36780848	36802899	900
36802899	36856418	950
36856418	36884684	900
36884684	36889288	950
36889288	36897655	900
36897655	36908089	850
36908089	36911187	900
36911187	36912553	950
36912553	36919179	900
36919179	36966295	850
36966295	36966914	900
36966914	36974375	950
36974375	37006961	900
37006961	37029702	950
37029702	37038936	900
37038936	37048680	850
37048680	37077714	900
37077714	37080175	850
37080175	37088784	900
37088784	37090383	850
37090383	37094590	900
37094590	37103733	950
37103733	37143579	900
37143579	37157181	850
37157181	37169102	800
37169102	37211338	750
37211338	37223666	700
37223666	37253307	750
37253307	37254825	800
37254825	37257487	850
37257487	37292063	900
37292063	37303089	850
37303089	37307645	900
37307645	37314559	850
37314559	37319125	800
37319125	37320777	750
37320777	37321653	700
37321653	37364872	650
37364872	37375878	600
37375878	37378048	650
37378048	37378175	700
37378175	37378395	750
37378395	37378745	800
37378745	37379734	850
37379734	37380846	900
37380846	37381405	850
37381405	37394568	800
37394568	37396825	850
37396825	37415977	900
37415977	37417843	850
37417843	37452266	800
37452266	37463058	750
37463058	37499110	800
37499110	37500278	850
37500278	37525975	900
37525975	37528137	850
37528137	37542471	900
37542471	37550366	850
37550366	37551324	800
37551324	37559603	750
37559603	37571695	800
37571695	37573763	850
37573763	37591535	900
37591535	37601689	850
37601689	37606190	900
37606190	37608717	850
37608717	37634285	900
37634285	37637675	950
37637675	37642898	900
37642898	37643488	950
37643488	37645115	900
37645115	37651457	950
37651457	37651874	900
37651874	37654118	950
37654118	37667160	900
37667160	37670862	950
37670862	37670967	900
37670967	37670988	850
37670988	37670997	800
37670997	37685487	750
37685487	37698925	800
37698925	37702062	850
37702062	37703925	900
37703925	37710697	850
37710697	37711466	900
37711466	37714349	850
37714349	37718512	900
37718512	37720519	950
37720519	37726889	900
37726889	37739723	850
37739723	37741111	800
37741111	37747543	850
37747543	37750847	800
37750847	37751774	750
37751774	37771710	700
37771710	37782817	750
37782817	37805768	700
37805768	37858881	650
37858881	37901946	700
37901946	37944783	750
37944783	37947732	800
37947732	37964759	850
37964759	37980207	900
37980207	37980810	850
37980810	37985518	900
37985518	38002119	850
38002119	38004746	800
38004746	38009309	850
38009309	38018896	800
38018896	38028950	850
38028950	38132932	900
38132932	38133858	850
38133858	38135181	900
38135181	38144543	850
38144543	38145391	900
38145391	38147508	950
38147508	38198598	900
38198598	38211233	850
38211233	38228346	800
38228346	38250675	750
38250675	38268915	800
38268915	38268957	850
38268957	38278965	800
38278965	38279284	850
38279284	38279509	900
38279509	38312930	850
38312930	38429017	900
38429017	38451317	950
38451317	38529460	900
38529460	38556610	850
38556610	38632626	900
38632626	38649110	850
38649110	38725341	900
38725341	38726520	950
38726520	38781879	900
38781879	38934045	850
38934045	38965511	800
38965511	39056884	750
39056884	39088601	700
39088601	39092051	650
39092051	39101676	600
39101676	39103017	550
39103017	39123301	500
39123301	39153314	550
39153314	39164686	600
39164686	39169609	650
39169609	39171903	700
39171903	39176211	750
39176211	39211570	800
39211570	39243928	850
39243928	39406589	900
39406589	39613201	950
39613201	39637742	900
39637742	39664033	950
39664033	39666486	900
39666486	39694202	950
39694202	39701463	900
39701463	39768128	950
39768128	39770442	900
39770442	39776982	950
39776982	39846651	900
39846651	39874082	950
39874082	39961243	900
39961243	39984454	850
39984454	39995620	900
39995620	40021641	850
40021641	40058097	900
40058097	40059938	950
40059938	40267439	900
40267439	40291731	850
40291731	40294177	900
40294177	40316223	850
40316223	40328530	900
40328530	40335691	850
40335691	40335806	900
40335806	40341229	850
40341229	40357571	800
40357571	40372014	850
40372014	40381502	900
40381502	40394426	850
40394426	40410651	900
40410651	40449745	850
40449745	40451104	900
40451104	40463499	850
40463499	40484474	900
40484474	40509737	850
40509737	40511721	900
40511721	40512600	850
40512600	40514008	900
40514008	40525416	850
40525416	40539229	800
40539229	40547247	850
40547247	40548611	900
40548611	40550423	850
40550423	40564659	900
40564659	40583322	850
40583322	40589818	900
40589818	40593821	850
40593821	40596552	900
40596552	40602812	850
40602812	40604794	900
40604794	40606833	850
40606833	40615969	900
40615969	40619871	850
40619871	40620282	900
40620282	40621634	850
40621634	40623055	900
40623055	40632798	850
40632798	40634593	800
40634593	40640411	850
40640411	40655890	800
40655890	40664452	750
40664452	40669082	800
40669082	40673427	850
40673427	40697858	800
40697858	40698530	850
40698530	40714216	800
40714216	40723326	750
40723326	40733637	800
40733637	40755370	850
40755370	40761087	800
40761087	40777707	850
40777707	40777768	800
40777768	40778074	850
40778074	40780017	800
40780017	40781050	750
40781050	40781498	700
40781498	40781703	650
40781703	40781851	600
40781851	40786037	550
40786037	40786385	500
40786385	40786604	550
40786604	40788122	500
40788122	40793750	550
40793750	40802911	600
40802911	40817255	650
40817255	40846486	700
40846486	40847743	750
40847743	40848478	700
40848478	40856773	750
40856773	40859892	700
40859892	40860114	750
40860114	40860330	800
40860330	40864998	850
40864998	40877832	800
40877832	40881971	850
40881971	40882902	800
40882902	40883694	750
40883694	40884306	700
40884306	40884593	650
40884593	40884745	600
40884745	40891048	550
40891048	40905089	500
40905089	40913792	550
40913792	40924257	600
40924257	40961352	650
40961352	40972058	700
40972058	41005041	750
41005041	41010139	700
41010139	41030733	750
41030733	41038523	700
41038523	41046838	750
41046838	41050632	700
41050632	41072615	750
41072615	41077804	800
41077804	41081421	850
41081421	41091273	800
41091273	41131000	850
41131000	41132613	800
41132613	41174071	850
41174071	41177381	900
41177381	41178058	850
41178058	41184173	900
41184173	41184899	850
41184899	41187803	900
41187803	41188617	850
41188617	41196221	900
41196221	41198997	850
41198997	41199647	900
41199647	41214093	850
41214093	41216783	900
41216783	41220957	850
41220957	41227091	900
41227091	41230492	850
41230492	41246864	800
41246864	41293835	750
41293835	41294644	800
41294644	41294791	750
41294791	41295106	800
41295106	41296670	750
41296670	41308288	800
41308288	41312726	850
41312726	41337129	800
41337129	41339873	750
41339873	41345196	800
41345196	41345784	850
41345784	41385874	800
41385874	41422351	850
41422351	41458834	800
41458834	41468936	750
41468936	41471350	800
41471350	41478930	750
41478930	41501120	800
41501120	41501458	750
41501458	41508592	800
41508592	41526451	750
41526451	41551924	800
41551924	41556789	750
41556789	41557833	700
41557833	41559664	650
41559664	41591543	600
41591543	41619587	650
41619587	41664284	600
41664284	41670324	550
41670324	41682794	500
41682794	41718762	450
41718762	41760346	400
41760346	41808105	450
41808105	41810957	500
41810957	41811009	550
41811009	41811098	600
41811098	41811241	650
41811241	41811528	700
41811528	41812912	750
41812912	41841598	700
41841598	41869479	750
41869479	41904724	700
41904724	41995513	650
41995513	42003874	600
42003874	42039039	550
42039039	42041384	500
42041384	42086204	450
42086204	42106029	500
42106029	42110325	550
42110325	42115542	600
42115542	42120792	650
42120792	42125151	700
42125151	42135065	750
42135065	42137276	800
42137276	42166115	850
42166115	42176984	800
42176984	42218915	850
42218915	42260059	800
42260059	42266702	750
42266702	42283432	700
42283432	42296195	650
42296195	42296646	700
42296646	42297814	650
42297814	42313402	700
42313402	42315217	650
42315217	42354027	700
42354027	42375162	650
42375162	42382803	700
42382803	42386354	750
42386354	42391045	800
42391045	42391436	750
42391436	42392753	800
42392753	42404144	750
42404144	42413792	800
42413792	42434859	750
42434859	42466932	800
42466932	42470752	850
42470752	42483523	800
42483523	42496179	850
42496179	42546035	800
42546035	42553729	850
42553729	42578363	800
42578363	42583643	750
42583643	42586653	700
42586653	42606137	650
42606137	42620673	600
42620673	42630607	550
42630607	42643168	500
42643168	42659636	450
42659636	42660335	500
42660335	42663204	450
42663204	42748077	500
42748077	42828995	550
42828995	42853569	500
42853569	42863033	450
42863033	42881992	400
42881992	42928197	350
42928197	42945201	400
42945201	42994625	450
42994625	43000077	500
43000077	43007760	550
43007760	43008086	500
43008086	43020194	450
43020194	43026544	400
43026544	43039402	450
43039402	43044530	500
43044530	43048829	550
43048829	43053742	600
43053742	43056495	650
43056495	43159158	700
43159158	43177436	750
43177436	43180636	800
43180636	43184616	750
43184616	43193723	800
43193723	43198703	850
43198703	43200442	900
43200442	43200889	850
43200889	43201610	900
43201610	43203629	850
43203629	43205040	900
43205040	43208206	850
43208206	43233274	800
43233274	43251645	850
43251645	43258109	900
43258109	43260934	850
43260934	43262449	900
43262449	43266612	850
43266612	43268886	900
43268886	43270904	850
43270904	43281443	900
43281443	43291318	850
43291318	43296089	800
43296089	43336229	850
43336229	43339572	900
43339572	43356181	850
43356181	43391838	900
43391838	43401096	850
43401096	43405441	900
43405441	43411611	850
43411611	43428917	900
43428917	43442039	850
43442039	43455672	800
43455672	43470453	850
43470453	43526633	900
43526633	43570833	850
43570833	43573806	800
43573806	43578554	750
43578554	43584462	700
43584462	43601980	650
43601980	43607947	600
43607947	43654190	550
43654190	43663023	600
43663023	43709222	650
43709222	43721522	700
43721522	43733188	750
43733188	43733683	800
43733683	43735065	850
43735065	43845520	900
43845520	43853286	950
43853286	43853826	900
43853826	43880451	950
43880451	43881303	900
43881303	44040837	950
44040837	44045795	900
44045795	44531963	950
44531963	44536298	900
44536298	44537175	950
44537175	44552832	900
44552832	44561454	950
44561454	44562206	900
44562206	44577955	950
44577955	44589200	900
44589200	44609257	950
44609257	44609567	900
44609567	44612643	950
44612643	44700412	900
44700412	44701081	850
44701081	44701640	900
44701640	44702336	850
44702336	44806895	900
44806895	44811739	850
44811739	44832428	800
44832428	44835147	750
44835147	44845138	800
44845138	44899852	750
44899852	44933305	700
44933305	44933715	750
44933715	45227323	700
45227323	45234336	750
45234336	45242447	700
45242447	45306289	750
45306289	45343467	800
45343467	45348471	750
45348471	45353161	800
45353161	45354401	750
45354401	45354517	800
45354517	45373627	750
45373627	45389852	800
45389852	45517456	850
45517456	45536175	800
45536175	45543821	750
45543821	45544814	700
45544814	45570769	650
45570769	45627801	600
45627801	45661215	650
45661215	45671804	700
45671804	45688572	650
45688572	45707485	700
45707485	45710430	750
45710430	45757939	800
45757939	45760260	850
45760260	45761700	800
45761700	45792456	850
45792456	45840644	800
45840644	45869266	850
45869266	45875774	800
45875774	45984470	850
45984470	45985515	800
45985515	45989888	750
45989888	46009699	700
46009699	46017425	650
46017425	46033922	600
46033922	46040780	550
46040780	46061786	500
46061786	46066409	550
46066409	46067975	600
46067975	46069050	650
46069050	46071009	700
46071009	46084373	750
46084373	46150832	800
46150832	46179967	750
46179967	46218995	800
46218995	46275084	850
46275084	46289354	900
46289354	46289998	850
46289998	46295926	900
46295926	46297973	850
46297973	46302340	900
46302340	46304926	850
46304926	46330562	900
46330562	46330960	850
46330960	46338108	900
46338108	46369421	850
46369421	46379739	800
46379739	46386013	850
46386013	46398491	900
46398491	46399892	850
46399892	46408582	900
46408582	46408728	850
46408728	46414029	900
46414029	46420598	850
46420598	46422481	900
46422481	46423165	850
46423165	46430182	900
46430182	46443396	850
46443396	46443707	800
46443707	46469245	850
46469245	46498179	900
46498179	46534064	850
46534064	46571512	900
46571512	46582093	850
46582093	46609728	900
46609728	46613830	850
46613830	46633647	800
46633647	46640054	750
46640054	46642835	700
46642835	46648440	650
46648440	46658209	600
46658209	46679227	550
46679227	46715950	500
46715950	46742653	550
46742653	46821659	500
46821659	46828021	450
46828021	46874645	400
46874645	46887886	450
46887886	46905361	500
46905361	46917947	550
46917947	46918362	600
46918362	46919161	650
46919161	46920517	700
46920517	46923422	750
46923422	46930605	800
46930605	46934834	750
46934834	46937306	700
46937306	46947518	650
46947518	46952980	600
46952980	46956294	550
46956294	46961333	600
46961333	46961553	550
46961553	46981562	600
46981562	46993677	650
46993677	47017839	700
47017839	47037549	750
47037549	47038825	800
47038825	47043458	850
47043458	47101780	900
47101780	47106689	850
47106689	47266929	900
47266929	47277807	950
47277807	47322185	900
47322185	47339749	950
47339749	47363217	900
47363217	47375374	950
47375374	47378162	900
47378162	47393655	950
47393655	47397052	900
47397052	47401651	950
47401651	47402018	900
47402018	47414567	950
47414567	47468925	900
47468925	47480027	950
47480027	47511871	900
47511871	47513651	850
47513651	47520935	900
47520935	47533924	950
47533924	47535073	900
47535073	47555622	950
47555622	47588364	900
47588364	47591190	950
47591190	47617062	900
47617062	47629609	950
47629609	47634177	900
47634177	47636277	850
47636277	47637694	900
47637694	47646545	850
47646545	47657300	900
47657300	47672269	850
47672269	47683544	900
47683544	47690980	850
47690980	47731093	900
47731093	47761364	950
47761364	47780015	900
47780015	47780957	950
47780957	47785569	900
47785569	47796300	850
47796300	47807786	900
47807786	47814917	850
47814917	47825263	900
47825263	47830083	850
47830083	47839834	900
47839834	47843796	850
47843796	47889153	900
47889153	47895447	850
47895447	47914354	900
47914354	47921313	950
47921313	47923419	900
47923419	47929198	950
47929198	47952060	900
47952060	47963746	950
47963746	47995441	900
47995441	48001503	950
48001503	48004678	900
48004678	48050139	950
48050139	48066549	900
48066549	48070319	850
48070319	48108510	900
48108510	48122320	850
48122320	48142660	800
48142660	48143768	850
48143768	48195408	900
48195408	48200903	950
48200903	48209872	900
48209872	48210720	850
48210720	48215267	900
48215267	48217231	950
48217231	48219468	900
48219468	48219815	950
48219815	48220774	900
48220774	48233583	850
48233583	48234968	800
48234968	48248548	850
48248548	48249032	800
48249032	48254650	850
48254650	48280248	800
48280248	48281873	850
48281873	48283789	900
48283789	48284890	950
48284890	48298377	900
48298377	48307456	850
48307456	48319685	800
48319685	48370546	850
48370546	48393411	900
48393411	48398010	850
48398010	48445418	900
48445418	48448726	850
48448726	48454707	900
48454707	48522200	850
48522200	48523912	900
48523912	48524454	850
48524454	48526696	900
48526696	48533538	850
48533538	48549082	800
48549082	48609325	850
48609325	48610650	900
48610650	48615176	850
48615176	48635245	800
48635245	48637125	850
48637125	48638624	800
48638624	48654970	850
48654970	48681714	800
48681714	48699196	750
48699196	48699473	800
48699473	48721345	750
48721345	48779001	800
48779001	48806263	750
48806263	48806736	800
48806736	48808855	850
48808855	48810671	800
48810671	48850557	750
48850557	48864550	700
48864550	48870182	650
48870182	48924489	600
48924489	48935291	650
48935291	48974862	700
48974862	48977037	750
48977037	48997830	700
48997830	49002247	750
49002247	49016912	700
49016912	49019459	750
49019459	49029642	700
49029642	49032911	750
49032911	49046645	700
49046645	49056896	650
49056896	49101045	700
49101045	49142512	650
49142512	49163322	700
49163322	49163686	650
49163686	49179831	600
49179831	49182550	650
49182550	49221427	600
49221427	49255874	650
49255874	49285453	600
49285453	49314973	650
49314973	49315020	700
49315020	49315194	750
49315194	49315689	800
49315689	49318398	850
49318398	49320622	900
49320622	49336103	850
49336103	49347863	800
49347863	49362997	850
49362997	49366408	800
49366408	49436852	850
49436852	49440436	900
49440436	49504712	850
49504712	49521877	800
49521877	49530156	850
49530156	49597424	800
49597424	49609554	850
49609554	49621163	800
49621163	49621874	850
49621874	49625043	800
49625043	49633480	850
49633480	49665514	800
49665514	49715668	850
49715668	49740968	800
49740968	49768981	850
49768981	49775827	800
49775827	49776453	850
49776453	49785575	800
49785575	49799203	850
49799203	49806254	800
49806254	49807471	850
49807471	49810320	800
49810320	49812143	750
49812143	49833811	700
49833811	49859705	650
49859705	49904259	600
49904259	49905769	650
49905769	49908485	700
49908485	49917684	750
49917684	49926360	800
49926360	49930336	750
49930336	49941702	700
49941702	49959525	650
49959525	49989889	600
49989889	50010735	650
50010735	50016679	700
50016679	50025200	750
50025200	50030918	700
50030918	50031520	650
50031520	50032251	600
50032251	50049933	550
50049933	50050006	500
50050006	50050083	550
50050083	50087469	500
50087469	50138538	550
50138538	50139896	500
50139896	50142553	550
50142553	50143037	500
50143037	50177064	550
50177064	50204374	600
50204374	50212084	650
50212084	50214495	700
50214495	50220008	750
50220008	50222620	800
50222620	50307021	750
50307021	50327518	800
50327518	50361270	850
50361270	50476122	800
50476122	50481966	750
50481966	50507197	800
50507197	50509086	750
50509086	50609085	800
50609085	50634515	850
50634515	50666915	800
50666915	50668004	850
50668004	50684798	800
50684798	50743568	750
50743568	50773333	700
50773333	50804244	750
50804244	50820114	700
50820114	50834519	750
50834519	50836078	700
50836078	50844219	750
50844219	50856105	700
50856105	50864142	750
50864142	50864473	800
50864473	50867233	850
50867233	50867356	800
50867356	50869948	750
50869948	50880112	700
50880112	50909658	750
50909658	50918092	800
50918092	50920687	750
50920687	50944404	700
50944404	50972347	750
50972347	50973219	800
50973219	50977413	850
50977413	50980222	800
50980222	50983151	750
50983151	50984524	700
50984524	51011126	750
51011126	51031974	700
51031974	51038943	650
51038943	51043129	600
51043129	51048506	550
51048506	51065865	500
51065865	51078728	550
51078728	51082341	500
51082341	51100083	450
51100083	51130507	500
51130507	51140736	450
51140736	51152308	500
51152308	51158244	450
51158244	51160282	500
51160282	51176801	450
51176801	51185787	500
51185787	51197046	550
51197046	51204104	600
51204104	51206046	550
51206046	51212704	500
51212704	51242835	450
51242835	51246325	500
51246325	51248331	550
51248331	51279499	600
51279499	51292553	650
51292553	51298567	700
51298567	51299030	650
51299030	51299278	700
51299278	51307000	650
51307000	51313742	600
51313742	51319329	650
51319329	51322226	700
51322226	51322893	750
51322893	51323714	700
51323714	51327944	750
51327944	51332716	700
51332716	51336935	750
51336935	51360487	700
51360487	51364390	650
51364390	51366770	600
51366770	51368073	550
51368073	51372704	500
51372704	51421759	450
51421759	51423513	500
51423513	51426797	550
51426797	51453301	600
51453301	51492426	550
51492426	51507336	600
51507336	51520393	650
51520393	51535965	700
51535965	51549797	750
51549797	51581070	700
51581070	51584960	650
51584960	51590640	700
51590640	51605560	650
51605560	51614186	700
51614186	51619003	750
51619003	51632500	800
51632500	51648573	750
51648573	51656174	700
51656174	51667613	750
51667613	51680306	700
51680306	51681556	650
51681556	51695882	600
51695882	51703289	650
51703289	51722370	700
51722370	51729983	750
51729983	51734712	800
51734712	51739338	750
51739338	51755809	700
51755809	51774817	750
51774817	51784877	800
51784877	51790219	750
51790219	51803454	800
51803454	51816331	750
51816331	51818151	700
51818151	51827327	750
51827327	51837923	800
51837923	51845139	750
51845139	51847665	800
51847665	51854898	750
51854898	51857621	700
51857621	51868995	750
51868995	51872217	800
51872217	51891782	750
51891782	51902937	800
51902937	51907085	750
51907085	51914512	800
51914512	51916389	850
51916389	51918479	900
51918479	51918599	850
51918599	51919132	800
51919132	51924479	750
51924479	51935066	700
51935066	51938611	750
51938611	51940099	800
51940099	51943900	850
51943900	51945388	900
51945388	51945957	850
51945957	51947906	900
51947906	51955220	850
51955220	51970650	900
51970650	51970716	850
51970716	51992940	900
51992940	51997026	850
51997026	52006106	900
52006106	52012691	850
52012691	52022038	800
52022038	52026609	850
52026609	52029200	900
52029200	52034378	850
52034378	52041479	800
52041479	52051775	850
52051775	52066161	900
52066161	52095873	850
52095873	52099831	900
52099831	52100122	850
52100122	52101847	800
52101847	52127921	750
52127921	52128908	800
52128908	52140518	750
52140518	52142451	700
52142451	52195717	750
52195717	52196404	800
52196404	52197758	850
52197758	52199774	900
52199774	52200444	850
52200444	52202172	800
52202172	52208698	750
52208698	52220212	700
52220212	52268787	650
52268787	52274697	700
52274697	52281586	750
52281586	52332935	800
52332935	52334667	850
52334667	52335645	900
52335645	52336105	850
52336105	52340499	900
52340499	52394183	850
52394183	52395091	900
52395091	52396963	850
52396963	52397506	800
52397506	52397783	750
52397783	52415101	700
52415101	52416573	650
52416573	52420178	600
52420178	52425644	550
52425644	52427427	600
52427427	52428370	550
52428370	52479543	600
52479543	52490317	550
52490317	52499567	600
52499567	52550873	550
52550873	52565559	600
52565559	52615088	650
52615088	52624758	700
52624758	52640949	650
52640949	52653722	700
52653722	52674305	650
52674305	52701210	600
52701210	52702161	650
52702161	52704288	700
52704288	52711172	750
52711172	52738660	700
52738660	52739186	750
52739186	52747942	800
52747942	52796597	750
52796597	52799184	800
52799184	52800607	750
52800607	52807511	700
52807511	52842013	750
52842013	52842448	800
52842448	52844788	750
52844788	52862810	700
52862810	52872856	750
52872856	52914081	800
52914081	52917301	850
52917301	52927762	800
52927762	52932521	750
52932521	52962954	800
52962954	52967096	850
52967096	52977031	800
52977031	52990886	750
52990886	53037786	800
53037786	53040205	750
53040205	53047706	800
53047706	53055985	750
53055985	53061116	800
53061116	53088376	750
53088376	53096100	700
53096100	53100757	750
53100757	53132181	800
53132181	53153905	750
53153905	53171028	700
53171028	53172331	650
53172331	53174048	600
53174048	53176197	550
53176197	53191951	500
53191951	53193407	550
53193407	53206871	600
53206871	53218488	650
53218488	53240823	700
53240823	53242344	750
53242344	53243190	800
53243190	53255450	750
53255450	53258716	700
53258716	53264210	750
53264210	53265034	700
53265034	53269309	650
53269309	53273790	600
53273790	53286753	550
53286753	53295521	500
53295521	53296479	450
53296479	53296949	400
53296949	53297515	350
53297515	53300856	300
53300856	53308084	250
53308084	53310632	300
53310632	53311740	350
53311740	53312518	400
53312518	53313649	450
53313649	53316874	500
53316874	53322107	550
53322107	53340549	600
53340549	53351243	650
53351243	53351679	700
53351679	53351767	650
53351767	53361315	700
53361315	53364548	750
53364548	53368330	800
53368330	53391426	750
53391426	53410503	700
53410503	53420491	650
53420491	53426434	600
53426434	53440976	650
53440976	53447559	700
53447559	53455864	750
53455864	53464045	700
53464045	53478193	650
53478193	53503429	700
53503429	53522157	750
53522157	53556272	800
53556272	53590098	850
53590098	53663270	900
53663270	53667042	950
53667042	53687934	900
53687934	53733104	950
53733104	53734789	900
53734789	53757172	950
53757172	53763001	900
53763001	53769983	950
53769983	53771509	900
53771509	53829865	950
53829865	53836672	900
53836672	53861000	950
53861000	53870305	900
53870305	53946859	950
53946859	53957630	900
53957630	53970719	950
53970719	54025391	900
54025391	54030335	850
54030335	54032762	900
54032762	54043748	850
54043748	54065472	900
54065472	54092213	850
54092213	54125514	800
54125514	54144803	750
54144803	54149987	700
54149987	54171071	650
54171071	54197533	700
54197533	54199604	750
54199604	54207086	700
54207086	54210459	650
54210459	54218536	700
54218536	54219274	650
54219274	54220982	700
54220982	54225108	750
54225108	54250972	800
54250972	54262559	850
54262559	54276702	800
54276702	54313442	850
54313442	54337763	800
54337763	54356409	750
54356409	54357281	800
54357281	54373225	850
54373225	54387251	800
54387251	54407102	750
54407102	54430405	800
54430405	54481750	850
54481750	54483346	800
54483346	54492915	750
54492915	54573099	700
54573099	54586607	750
54586607	54602294	800
54602294	54682311	850
54682311	54683383	800
54683383	54683780	750
54683780	54701008	700
54701008	54723372	650
54723372	54757432	600
54757432	54801267	650
54801267	54804912	600
54804912	54807894	650
54807894	54812542	700
54812542	54818789	750
54818789	54821863	800
54821863	54864062	850
54864062	54955770	900
54955770	54977425	850
54977425	54990116	900
54990116	54998924	950
54998924	54999224	900
54999224	55016577	950
55016577	55084292	900
55084292	55086811	850
55086811	55089539	900
55089539	55093047	850
55093047	55096975	900
55096975	55132683	850
55132683	55136436	800
55136436	55142297	750
55142297	55171826	700
55171826	55206409	750
55206409	55222623	800
55222623	55248854	850
55248854	55251252	800
55251252	55280005	850
55280005	55334264	900
55334264	55334444	950
55334444	55335297	900
55335297	55348676	950
55348676	55358208	900
55358208	55388852	950
55388852	55396354	900
55396354	55917764	950
55917764	55919270	900
55919270	56158646	950
56158646	56170046	900
56170046	56170456	950
56170456	56187461	900
56187461	56191008	850
56191008	56238488	900
56238488	56500993	950
56500993	56535038	900
56535038	56550168	950
56550168	56555898	900
56555898	56560628	950
56560628	56601269	900
56601269	56610621	850
56610621	56622154	900
56622154	56631324	850
56631324	56638584	900
56638584	56700538	950
56700538	56786955	900
56786955	56791872	950
56791872	56797902	900
56797902	56807681	850
56807681	56822579	900
56822579	56831641	850
56831641	56878316	900
56878316	56884056	850
56884056	56888467	900
56888467	56903058	950
56903058	56905789	900
56905789	56910744	950
56910744	56919797	900
56919797	56935088	950
56935088	56961067	900
56961067	56973148	950
56973148	56978701	900
56978701	57023469	850
57023469	57031036	900
57031036	57032950	950
57032950	57051684	900
57051684	57064577	850
57064577	57068317	900
57068317	57068718	950
57068718	57079339	900
57079339	57087889	850
57087889	57102859	800
57102859	57126093	750
57126093	57139834	800
57139834	57147999	850
57147999	57153925	900
57153925	57156280	850
57156280	57167471	900
57167471	57170041	950
57170041	57170819	900
57170819	57197166	950
57197166	57199588	900
57199588	57217274	950
57217274	57222202	900
57222202	57259614	950
57259614	57268693	900
57268693	57273900	950
57273900	57275927	900
57275927	57286454	850
57286454	57292486	800
57292486	57295931	850
57295931	57301591	900
57301591	57308693	850
57308693	57328940	900
57328940	57329747	950
57329747	57330925	900
57330925	57335716	950
57335716	57347168	900
57347168	57347715	850
57347715	57352087	900
57352087	57358351	850
57358351	57359194	900
57359194	57360169	850
57360169	57361000	900
57361000	57370837	850
57370837	57374011	800
57374011	57377936	850
57377936	57413804	900
57413804	57415100	850
57415100	57460025	900
57460025	57470445	950
57470445	57473809	900
57473809	57478182	950
57478182	57505637	900
57505637	57506161	850
57506161	57507906	900
57507906	57509457	850
57509457	57523039	900
57523039	57551443	950
57551443	57557202	900
57557202	57602178	950
57602178	57614893	900
57614893	57615108	850
57615108	57632074	800
57632074	57632443	850
57632443	57633012	800
57633012	57633698	850
57633698	57634353	800
57634353	57654463	850
57654463	57682117	900
57682117	57715410	850
57715410	57733104	900
57733104	57735903	850
57735903	57738896	900
57738896	57748528	850
57748528	57750204	800
57750204	57755976	850
57755976	57756788	800
57756788	57764649	850
57764649	57770660	800
57770660	57778286	850
57778286	57778692	800
57778692	57781606	850
57781606	57794214	800
57794214	57797066	850
57797066	57844640	800
57844640	57845759	750
57845759	57846466	700
57846466	57846891	650
57846891	57848213	600
57848213	57852250	550
57852250	57854597	500
57854597	57936455	450
57936455	57936457	500
57936457	58005913	450
58005913	58006811	400
58006811	58093286	350
58093286	58131743	400
58131743	58131941	450
58131941	58136366	500
58136366	58146014	550
58146014	58150519	600
58150519	58154811	650
58154811	58159317	700
58159317	58188845	750
58188845	58192385	800
58192385	58192921	750
58192921	58235635	800
58235635	58282506	850
58282506	58346066	800
58346066	58362200	750
58362200	58366161	700
58366161	58379759	650
58379759	58399485	600
58399485	58409419	650
58409419	58415569	700
58415569	58416725	750
58416725	58419355	800
58419355	58496069	850
58496069	58524708	800
58524708	58537458	750
58537458	58540574	700
58540574	58596917	750
58596917	58604384	700
58604384	58801407	750
58801407	58814999	800
58814999	58842082	850
58842082	58868002	900
58868002	58917897	850
58917897	58924556	900
58924556	58927495	850
58927495	58937316	900
58937316	58941637	850
58941637	58943681	800
58943681	58945440	750
58945440	58946896	800
58946896	58967304	850
58967304	58977738	900
58977738	58985042	850
58985042	58997567	900
58997567	58998970	950
58998970	59027544	900
59027544	59033601	950
59033601	59073244	900
59073244	59075437	950
59075437	59093781	900
59093781	59097760	950
59097760	59111792	900
59111792	59125234	850
59125234	59129802	800
59129802	59131635	750
59131635	59139569	700
59139569	59157909	750
59157909	59176492	800
59176492	59204666	850
59204666	59205823	800
59205823	59221084	750
59221084	59229073	700
59229073	59264274	750
59264274	59275629	800
59275629	59304262	850
59304262	59314467	800
59314467	59320169	850
59320169	59322375	800
59322375	59331866	850
59331866	59336433	800
59336433	59475529	750
59475529	59513854	800
59513854	59540027	750
59540027	59573704	800
59573704	59574975	850
59574975	59586999	800
59586999	59594929	850
59594929	59595789	800
59595789	59608723	750
59608723	59636566	700
59636566	59667755	750
59667755	59691367	700
59691367	59727372	650
59727372	59766722	700
59766722	59779926	750
59779926	59785795	800
59785795	59802202	850
59802202	59807939	900
59807939	59823877	950
59823877	59836304	900
59836304	59839407	850
59839407	59914809	900
59914809	59916443	950
59916443	59923814	900
59923814	59953353	850
59953353	59954795	900
59954795	59958765	850
59958765	59965946	900
59965946	59967253	950
59967253	59967472	900
59967472	59976414	950
59976414	59988873	900
59988873	59997063	950
59997063	60001353	900
60001353	60005007	950
60005007	60005386	900
60005386	60006381	950
60006381	60006905	900
60006905	60017234	950
60017234	60023924	900
60023924	60028069	850
60028069	60034832	800
60034832	60035574	850
60035574	60036198	800
60036198	60036566	850
60036566	60038284	800
60038284	60061725	850
60061725	60070187	900
60070187	60073186	850
60073186	60089352	900
60089352	60093746	850
60093746	60154240	900
60154240	60159521	950
60159521	60181063	900
60181063	60184251	950
60184251	60201246	900
60201246	60203550	850
60203550	60207460	900
60207460	60207860	950
60207860	60219349	900
60219349	60220743	850
60220743	60222703	900
60222703	60223878	850
60223878	60228013	900
60228013	60240527	950
60240527	60242284	900
60242284	60255574	950
60255574	60298290	900
60298290	60307999	950
60307999	60309688	900
60309688	60329429	950
60329429	60332427	900
60332427	60585112	950
60585112	60596459	900
60596459	60618904	950
60618904	60631452	900
60631452	60635224	950
60635224	60655559	900
60655559	60781136	950
60781136	60815966	900
60815966	60829768	850
60829768	60836284	900
60836284	60866008	950
60866008	60869279	900
60869279	60877638	950
60877638	60907313	900
60907313	60932026	850
60932026	60933097	900
60933097	60974178	850
60974178	60976103	900
60976103	61079972	950
61079972	61110889	900
61110889	61135369	950
61135369	61161117	900
61161117	61226371	950
61226371	61230950	900
61230950	61268316	950
61268316	61330984	900
61330984	61363694	950
61363694	61430501	900
61430501	61479175	850
61479175	61498175	800
61498175	61549403	850
61549403	61570295	800
61570295	61573717	750
61573717	61599867	800
61599867	61609845	850
61609845	61616015	900
61616015	61631243	850
61631243	61640595	800
61640595	61642775	850
61642775	61644477	800
61644477	61655703	850
61655703	61699318	800
61699318	61699777	750
61699777	61702500	800
61702500	61740892	850
61740892	61769948	900
61769948	61771365	950
61771365	61778478	900
61778478	61782061	950
61782061	61782944	900
61782944	61908702	950
61908702	61913213	900
61913213	62114999	950
62114999	62122121	900
62122121	62122193	950
62122193	62274426	900
62274426	62354797	850
62354797	62401263	800
62401263	62401457	850
62401457	62402514	900
62402514	62404243	950
62404243	62424270	900
62424270	62493741	950
62493741	62495175	900
62495175	62498974	950
62498974	62507138	900
62507138	62545672	950
62545672	62603354	900
62603354	62657526	950
62657526	62684538	900
62684538	62816404	950
62816404	62824144	900
62824144	62826644	950
62826644	62832091	900
62832091	63210221	950
63210221	63229052	900
63229052	63231215	950
63231215	63258765	900
63258765	63260444	850
63260444	63269690	800
63269690	63283833	750
63283833	63334822	700
63334822	63339271	750
63339271	63344120	800
63344120	63372888	850
63372888	63434767	900
63434767	64462135	950
64462135	64480154	900
64480154	64536408	850
64536408	64558085	900
64558085	65117047	950
65117047	65120786	900
65120786	65382375	950
65382375	65384153	900
65384153	65433286	950
65433286	65435427	900
65435427	65490170	950
65490170	65517031	900
65517031	65519316	950
65519316	65543028	900
65543028	65552343	950
65552343	65577978	900
65577978	65605764	950
65605764	65608242	900
65608242	65624595	950
65624595	65625242	900
65625242	65636657	950
65636657	65663032	900
65663032	65668661	850
65668661	65676910	900
65676910	65683604	850
65683604	65718501	900
65718501	65725824	950
65725824	65742028	900
65742028	65750089	850
65750089	65751872	800
65751872	65860165	750
65860165	65860702	800
65860702	65861253	750
65861253	65894784	700
65894784	65997988	650
65997988	65998543	700
65998543	65999942	750
65999942	66000019	800
66000019	66000166	750
66000166	66003173	800
66003173	66017763	850
66017763	66070980	900
66070980	66076725	850
66076725	66108566	900
66108566	66113328	850
66113328	66114702	800
66114702	66130441	750
66130441	66138615	700
66138615	66144459	650
66144459	66147892	600
66147892	66153122	650
66153122	66169902	700
66169902	66181058	750
66181058	66186292	800
66186292	66188426	850
66188426	66194172	900
66194172	66367364	950
66367364	66371856	900
66371856	66377025	850
66377025	66390961	900
66390961	66550008	950
66550008	66571399	900
66571399	66572742	850
66572742	66580919	900
66580919	66726387	950
66726387	66727128	900
66727128	66745470	950
66745470	66749096	900
66749096	67144975	950
67144975	67148089	900
67148089	67219352	950
67219352	67224038	900
67224038	67702313	950
67702313	67746537	900
67746537	68276274	950
68276274	68277890	900
68277890	68280654	950
68280654	68282139	900
68282139	68289010	950
68289010	68291297	900
68291297	68313346	950
68313346	68315066	900
68315066	68343839	950
68343839	68346489	900
68346489	68349198	850
68349198	68349471	800
68349471	68350414	850
68350414	68357330	800
68357330	68362528	850
68362528	68363083	900
68363083	68363494	850
68363494	68449157	900
68449157	68456662	950
68456662	68456893	900
68456893	68459074	950
68459074	68459862	900
68459862	68507582	950
68507582	68532746	900
68532746	68554792	850
68554792	68564299	800
68564299	68568549	750
68568549	68576513	800
68576513	68608587	850
68608587	68609183	900
68609183	68610169	850
68610169	68610487	900
68610487	68613559	850
68613559	68636955	900
68636955	68664102	950
68664102	68668291	900
68668291	68673450	950
68673450	68683642	900
68683642	69853717	950
69853717	69869115	900
69869115	69968629	850
69968629	69996566	900
69996566	70108194	950
70108194	70140451	900
70140451	70178544	850
70178544	70182634	900
70182634	70260307	950
70260307	70260464	900
70260464	70262099	950
70262099	70266948	900
70266948	70277357	950
70277357	70335400	900
70335400	70336550	950
70336550	70341520	900
70341520	70377022	950
70377022	70378103	900
70378103	70381982	950
70381982	70397494	900
70397494	70418942	850
70418942	70422618	800
70422618	70428912	750
70428912	70451463	700
70451463	70465973	650
70465973	70472776	600
70472776	70504033	550
70504033	70511517	600
70511517	70517139	650
70517139	70568699	700
70568699	70569174	750
70569174	70573681	800
70573681	70579234	750
70579234	70582881	800
70582881	70583610	850
70583610	70583666	800
70583666	70584142	850
70584142	70618202	800
70618202	70640960	750
70640960	70649340	800
70649340	70692290	850
70692290	70696552	800
70696552	70716133	750
70716133	70724880	700
70724880	70739407	750
70739407	70745218	800
70745218	70858326	850
70858326	70865795	900
70865795	70865807	850
70865807	70874251	900
70874251	70882693	850
70882693	70908572	900
70908572	71000387	950
71000387	71009499	900
71009499	71024245	850
71024245	71027178	800
71027178	71034441	850
71034441	71044643	800
71044643	71046163	850
71046163	71052240	900
71052240	71053272	950
71053272	71054017	900
71054017	71054459	950
71054459	71055263	900
71055263	71060497	850
71060497	71062497	900
71062497	71066911	950
71066911	71115920	900
71115920	71121437	850
71121437	71124194	800
71124194	71125712	750
71125712	71127238	700
71127238	71130905	650
71130905	71132900	700
71132900	71135936	750
71135936	71140108	800
71140108	71173939	850
71173939	71208989	900
71208989	71249403	950
71249403	71311257	900
71311257	71315609	850
71315609	71317118	900
71317118	71344057	850
71344057	71352062	900
71352062	71369409	950
71369409	71369751	900
71369751	71384050	950
71384050	71387320	900
71387320	71396521	950
71396521	71400070	900
71400070	71879599	950
71879599	71882151	900
71882151	72274355	950
72274355	72289619	900
72289619	72600898	950
72600898	72614738	900
72614738	72642976	850
72642976	72664717	800
72664717	72716881	750
72716881	72781072	700
72781072	72820225	750
72820225	72822156	800
72822156	72832472	850
72832472	72837692	900
72837692	74811152	950
74811152	74853633	900
74853633	74854341	850
74854341	74855047	900
74855047	74856289	850
74856289	74860432	900
74860432	74864837	950
74864837	74908935	900
74908935	74946129	850
74946129	74980825	800
74980825	75058284	850
75058284	75062722	900
75062722	75071282	850
75071282	75111759	800
75111759	75239408	850
75239408	75249803	900
75249803	75271479	950
75271479	75272670	900
75272670	75531817	950
75531817	75599655	900
75599655	75606031	950
75606031	75615114	900
75615114	75688297	950
75688297	75824022	900
75824022	75954887	850
75954887	75968215	800
75968215	76031639	750
76031639	76078430	800
76078430	76117153	850
