0	15963028	950
20348546	20351060	900
20351060	20365337	850
20365337	20377289	800
20377289	20388370	750
20388370	20429245	700
20429245	20430366	750
20430366	20431782	800
20431782	20433608	850
20433608	20460195	900
20460195	20461691	950
20461691	20477324	900
20477324	20482813	850
20482813	20505745	900
20505745	20547321	850
20547321	20553926	800
20553926	20580399	750
20580399	20586010	800
20586010	20590168	850
20590168	20593968	900
20593968	20598087	850
20598087	20599492	800
20599492	20607015	850
20607015	20644036	900
20644036	21337311	950
21337311	21356873	900
21356873	21365797	850
21365797	21372275	900
21372275	21424864	950
21424864	21433213	900
21433213	21444911	850
21444911	21476984	900
21476984	22935397	950
22935397	22997251	900
22997251	23072992	850
23072992	23076205	800
23076205	23077896	750
23077896	23090534	700
23090534	23117156	650
23117156	23128351	600
23128351	23130968	550
23130968	23222415	500
23222415	23230807	550
23230807	23233652	600
23233652	23238922	650
23238922	23260577	700
23260577	23269695	750
23269695	23273707	800
23273707	23280787	850
23280787	23307642	900
23307642	23473092	950
23473092	23514269	900
23514269	23517753	950
23517753	23518445	900
23518445	24273316	950
24273316	24313014	900
24313014	24317281	850
24317281	24320527	800
24320527	24323682	750
24323682	24334528	700
24334528	24336096	650
24336096	24339677	600
24339677	24344494	550
24344494	24350005	600
24350005	24364880	650
24364880	24366846	700
24366846	24369593	750
24369593	24430402	800
24430402	24437789	850
24437789	24441322	900
24441322	24665129	950
24665129	24665231	900
24665231	24679040	950
24679040	24679996	900
24679996	24764289	950
24764289	24798067	900
24798067	24800236	950
24800236	24803216	900
24803216	25429122	950
25429122	25464930	900
25464930	25670316	950
25670316	25865606	900
25865606	25887718	850
25887718	25917845	800
25917845	25945627	850
25945627	26005238	800
26005238	26013838	750
26013838	26019675	700
26019675	26023337	650
26023337	26026128	600
26026128	26027802	550
26027802	26029050	500
26029050	26029862	450
26029862	26062523	400
26062523	26197098	350
26197098	26207588	400
26207588	26213777	450
26213777	26220804	500
26220804	26228354	550
26228354	26238087	600
26238087	26250106	650
26250106	26268769	700
26268769	26296491	750
26296491	26339534	800
26339534	26439471	850
26439471	26679479	900
26679479	27128352	950
27128352	27210590	900
27210590	27215434	950
27215434	27218006	900
27218006	27331487	950
27331487	27334237	900
27334237	27340619	950
27340619	27356855	900
27356855	27687925	950
27687925	27756239	900
27756239	27763030	850
27763030	27766325	800
27766325	27768920	750
27768920	27770517	700
27770517	27774339	650
27774339	27777372	600
27777372	27779349	550
27779349	27781253	500
27781253	27783779	450
27783779	27840797	400
27840797	27892818	450
27892818	27914985	500
27914985	27916693	550
27916693	27917545	600
27917545	27919048	650
27919048	27921500	700
27921500	27925386	750
27925386	27951098	800
27951098	27953880	850
27953880	28016274	900
28016274	28028299	950
28028299	28038708	900
28038708	28078878	950
28078878	28079444	900
28079444	28087669	950
28087669	28088313	900
28088313	28572051	950
28572051	28667640	900
28667640	28701722	850
28701722	28887892	800
28887892	28923157	750
28923157	28975040	700
28975040	28986780	650
28986780	29066545	600
29066545	29077764	650
29077764	29100145	700
29100145	29133131	750
29133131	29137230	800
29137230	29147809	750
29147809	29152818	800
29152818	29170760	850
29170760	29252875	900
29252875	29410542	950
29410542	29449907	900
29449907	29459281	850
29459281	29763458	900
29763458	30233857	950
30233857	30248895	900
30248895	30636851	950
30636851	30690624	900
30690624	30702224	850
30702224	30710852	800
30710852	30715078	750
30715078	30717732	700
30717732	30719753	750
30719753	30724835	800
30724835	30748669	850
30748669	30749602	800
30749602	30766725	850
30766725	30767662	800
30767662	30769897	850
30769897	30778431	800
30778431	30783783	850
30783783	30798661	800
30798661	30843791	750
30843791	30846572	700
30846572	30846885	650
30846885	30847162	700
30847162	30847529	650
30847529	30860910	700
30860910	30861547	750
30861547	30862401	700
30862401	30869602	750
30869602	30872538	800
30872538	30877563	850
30877563	30878270	800
30878270	30878981	850
30878981	30879893	800
30879893	30912834	850
30912834	30914629	900
30914629	30915368	850
30915368	30918091	900
30918091	30918985	850
30918985	30919490	900
30919490	30943212	850
30943212	30945940	900
30945940	30952362	850
30952362	30953287	800
30953287	30958349	850
30958349	30959259	800
30959259	30964801	850
30964801	30968045	800
30968045	30986318	850
30986318	31005357	800
31005357	31027790	850
31027790	31031512	900
31031512	31033251	850
31033251	31035861	900
31035861	31036773	850
31036773	31043343	900
31043343	31044047	850
31044047	31046114	900
31046114	31047122	850
31047122	31048221	800
31048221	31053577	850
31053577	31058686	800
31058686	31064857	850
31064857	31067494	800
31067494	31073307	850
31073307	31082869	900
31082869	31090583	850
31090583	31097081	900
31097081	31101091	850
31101091	31134210	800
31134210	31140329	750
31140329	31144857	700
31144857	31147412	650
31147412	31151129	700
31151129	31175485	750
31175485	31187548	800
31187548	31190821	850
31190821	31196719	800
31196719	31202896	750
31202896	31204069	800
31204069	31215384	750
31215384	31215979	800
31215979	31216425	750
31216425	31217659	800
31217659	31227000	750
31227000	31230583	700
31230583	31234287	650
31234287	31235302	700
31235302	31237402	750
31237402	31243177	800
31243177	31259342	850
31259342	31261581	900
31261581	31262684	850
31262684	31268373	900
31268373	31269321	850
31269321	31271096	900
31271096	31272515	850
31272515	31311294	900
31311294	31315234	950
31315234	31315475	900
31315475	31369777	950
31369777	31374945	900
31374945	31396396	950
31396396	31412604	900
31412604	31418571	950
31418571	31436605	900
31436605	31448137	950
31448137	31465491	900
31465491	31482860	950
31482860	31484284	900
31484284	31507347	950
31507347	31585176	900
31585176	31595247	850
31595247	31595897	900
31595897	31596214	850
31596214	31599998	900
31599998	31601148	850
31601148	31601908	900
31601908	31608281	850
31608281	31647208	800
31647208	31661075	850
31661075	31675430	900
31675430	31697253	850
31697253	31699174	800
31699174	31700123	850
31700123	31707649	800
31707649	31715351	750
31715351	31716117	800
31716117	31725555	850
31725555	31726702	800
31726702	31754290	750
31754290	31755422	800
31755422	31761088	850
31761088	31761911	800
31761911	31776009	850
31776009	31779726	800
31779726	31807206	850
31807206	31810040	800
31810040	31817004	750
31817004	31825986	700
31825986	31828988	750
31828988	31829631	700
31829631	31832588	750
31832588	31835594	700
31835594	31853061	750
31853061	31853718	700
31853718	31861335	750
31861335	31865464	700
31865464	31875605	750
31875605	31880633	800
31880633	31883602	750
31883602	31886561	800
31886561	31896596	750
31896596	31914656	700
31914656	31943327	650
31943327	31947785	600
31947785	31957640	650
31957640	31977309	700
31977309	31989914	750
31989914	32043625	800
32043625	32058620	750
32058620	32063929	800
32063929	32084471	750
32084471	32126225	700
32126225	32182565	650
32182565	32191193	700
32191193	32196957	750
32196957	32200144	800
32200144	32209879	850
32209879	32214099	800
32214099	32216060	750
32216060	32217172	700
32217172	32217792	650
32217792	32218163	600
32218163	32218354	550
32218354	32262326	500
32262326	32285212	550
32285212	32301147	500
32301147	32307623	450
32307623	32333327	400
32333327	32341430	450
32341430	32402758	500
32402758	32412683	550
32412683	32418380	500
32418380	32425385	550
32425385	32425865	600
32425865	32426768	650
32426768	32435318	700
32435318	32436363	650
32436363	32439911	700
32439911	32445377	750
32445377	32449140	800
32449140	32484819	850
32484819	32825052	900
32825052	32828060	850
32828060	32830957	800
32830957	32834205	750
32834205	32840809	800
32840809	32859509	850
32859509	32868767	900
32868767	32900300	850
32900300	32906098	800
32906098	32909278	750
32909278	32911199	700
32911199	32916393	650
32916393	32927899	600
32927899	32934004	550
32934004	32940408	500
32940408	33051861	450
33051861	33052188	500
33052188	33066970	450
33066970	33072399	500
33072399	33081063	550
33081063	33092160	600
33092160	33094842	650
33094842	33097397	700
33097397	33102568	750
33102568	33115629	800
33115629	33136359	850
33136359	33146882	900
33146882	33149116	850
33149116	33166601	900
33166601	33167240	850
33167240	33174054	900
33174054	33174478	850
33174478	33179900	900
33179900	33184941	850
33184941	33187170	900
33187170	33190016	850
33190016	33193345	900
33193345	33200517	850
33200517	33204449	900
33204449	33206221	850
33206221	33207640	900
33207640	33224496	850
33224496	33226652	900
33226652	33227619	850
33227619	33241941	900
33241941	33290446	850
33290446	33291786	800
33291786	33324937	850
33324937	33335242	800
33335242	33338173	850
33338173	33339283	900
33339283	33342570	850
33342570	33358466	800
33358466	33365149	750
33365149	33390593	700
33390593	33461610	750
33461610	33494856	800
33494856	33509413	750
33509413	33511900	800
33511900	33513623	850
33513623	33525344	900
33525344	33542164	850
33542164	33548980	800
33548980	33552171	750
33552171	33554251	700
33554251	33561293	650
33561293	33601044	600
33601044	33603783	650
33603783	33605928	700
33605928	33619318	750
33619318	33633588	800
33633588	33645118	750
33645118	33645928	700
33645928	33649728	750
33649728	33665182	800
33665182	33712909	750
33712909	33717745	800
33717745	33725519	850
33725519	33727833	900
33727833	33729352	850
33729352	33745694	900
33745694	33746449	850
33746449	33789695	900
33789695	33789904	850
33789904	33814501	900
33814501	33820329	950
33820329	33821280	900
33821280	33831966	950
33831966	33854628	900
33854628	33866717	850
33866717	33884220	900
33884220	33891953	850
33891953	33898374	900
33898374	33907024	850
33907024	33908664	800
33908664	33916181	850
33916181	33920670	800
33920670	33925544	850
33925544	33932018	900
33932018	33936313	850
33936313	33940447	900
33940447	33953668	950
33953668	33972272	900
33972272	33984108	950
33984108	33984705	900
33984705	33991231	950
33991231	33998211	900
33998211	34006476	950
34006476	34012362	900
34012362	34024151	950
34024151	34024869	900
34024869	34045776	950
34045776	34049032	900
34049032	34054358	850
34054358	34054932	900
34054932	34071120	950
34071120	34077700	900
34077700	34086048	850
34086048	34111077	900
34111077	34119127	950
34119127	34120524	900
34120524	34128096	950
34128096	34131043	900
34131043	34143064	950
34143064	34149053	900
34149053	34204830	850
34204830	34208086	900
34208086	34231065	950
34231065	34240338	900
34240338	34243880	850
34243880	34248206	900
34248206	34259929	850
34259929	34297819	900
34297819	34299018	850
34299018	34311929	900
34311929	34321205	950
34321205	34333358	900
34333358	34336647	850
34336647	34344955	900
34344955	34360109	850
34360109	34363706	900
34363706	34376454	950
34376454	34377607	900
34377607	34379899	950
34379899	34382099	900
34382099	34426587	950
34426587	34427658	900
34427658	34430436	950
34430436	34432138	900
34432138	34434608	950
34434608	34445292	900
34445292	34486843	950
34486843	34487478	900
34487478	34505538	950
34505538	34507286	900
34507286	34508981	950
34508981	34517227	900
34517227	34518840	850
34518840	34548172	900
34548172	34549361	850
34549361	34565369	900
34565369	34573059	850
34573059	34583730	800
34583730	34589178	850
34589178	34621632	900
34621632	34625559	850
34625559	34629927	900
34629927	34630966	850
34630966	34631012	900
34631012	34631202	850
34631202	34639395	900
34639395	34671598	850
34671598	34677097	800
34677097	34679126	850
34679126	34680302	800
34680302	34689053	850
34689053	34699254	800
34699254	34706037	750
34706037	34719501	700
34719501	34728330	650
34728330	34742180	600
34742180	34744719	650
34744719	34756392	700
34756392	34759782	750
34759782	34768580	800
34768580	34776455	850
34776455	34778183	800
34778183	34797404	750
34797404	34800617	800
34800617	34800643	750
34800643	34801523	800
34801523	34805917	750
34805917	34809520	700
34809520	34814961	750
34814961	34825210	800
34825210	34834312	850
34834312	34840415	900
34840415	34841425	850
34841425	34845923	900
34845923	34851610	850
34851610	34873322	800
34873322	34878344	850
34878344	34878662	800
34878662	34883555	850
34883555	34884941	800
34884941	34885550	750
34885550	34894705	700
34894705	34907642	750
34907642	34914810	800
34914810	34919814	850
34919814	34921459	800
34921459	34952344	850
34952344	34954239	800
34954239	34961701	850
34961701	34962642	900
34962642	34969732	850
34969732	34977006	800
34977006	34980803	850
34980803	35010060	900
35010060	35027209	850
35027209	35033316	800
35033316	35037911	850
35037911	35038501	800
35038501	35054889	850
35054889	35067194	900
35067194	35071539	850
35071539	35076119	800
35076119	35096896	850
35096896	35107825	900
35107825	35108998	850
35108998	35111645	900
35111645	35120468	850
35120468	35124582	900
35124582	35127657	850
35127657	35132630	900
35132630	35133457	850
35133457	35134695	900
35134695	35143179	850
35143179	35155242	800
35155242	35159798	750
35159798	35180843	700
35180843	35182377	750
35182377	35189607	800
35189607	35198304	850
35198304	35200081	900
35200081	35211394	850
35211394	35214091	800
35214091	35224965	850
35224965	35228928	800
35228928	35234737	850
35234737	35277116	900
35277116	35281024	850
35281024	35297262	900
35297262	35299657	850
35299657	35303499	800
35303499	35310871	850
35310871	35341335	900
35341335	35354046	950
35354046	35356204	900
35356204	35395329	950
35395329	35424654	900
35424654	35426241	850
35426241	35434815	800
35434815	35440632	750
35440632	35441918	700
35441918	35456713	750
35456713	35468020	800
35468020	35519336	850
35519336	35537787	800
35537787	35557342	850
35557342	35562914	900
35562914	35578907	850
35578907	35597998	900
35597998	35606121	950
35606121	35621931	900
35621931	35630802	950
35630802	35631957	900
35631957	35651612	950
35651612	35655610	900
35655610	35659940	850
35659940	35665205	900
35665205	35672618	850
35672618	35680710	800
35680710	35689944	850
35689944	35717255	900
35717255	35761458	950
35761458	35762079	900
35762079	35764364	950
35764364	35778021	900
35778021	35786249	950
35786249	35796304	900
35796304	35804830	950
35804830	35808798	900
35808798	35817638	850
35817638	35819116	800
35819116	35824121	850
35824121	35835330	900
35835330	35836873	850
35836873	35850772	900
35850772	35851380	850
35851380	35869125	900
35869125	35872186	950
35872186	35872356	900
35872356	35872544	950
35872544	35872859	900
35872859	35874118	950
35874118	35901464	900
35901464	35905298	950
35905298	35936872	900
35936872	35951744	850
35951744	35952658	900
35952658	35952858	950
35952858	35953689	900
35953689	35953850	950
35953850	35963215	900
35963215	35964004	850
35964004	35969775	900
35969775	35972679	850
35972679	35981850	900
35981850	36010846	850
36010846	36018268	800
36018268	36020314	850
36020314	36024921	800
36024921	36050894	850
36050894	36184849	900
36184849	36217151	850
36217151	36224514	900
36224514	36226931	850
36226931	36237428	900
36237428	36253272	850
36253272	36253781	900
36253781	36256968	850
36256968	36267736	900
36267736	36285531	850
36285531	36290104	800
36290104	36296048	850
36296048	36298711	800
36298711	36303301	850
36303301	36307264	800
36307264	36318795	850
36318795	36323195	800
36323195	36323578	750
36323578	36323789	800
36323789	36329028	750
36329028	36331220	700
36331220	36331341	650
36331341	36331427	700
36331427	36333111	650
36333111	36336495	600
36336495	36363329	550
36363329	36382462	500
36382462	36436058	450
36436058	36436430	500
36436430	36436745	550
36436745	36437288	600
36437288	36438228	650
36438228	36445599	700
36445599	36453978	750
36453978	36479350	800
36479350	36482176	750
36482176	36489174	800
36489174	36495837	750
36495837	36496701	800
36496701	36498793	750
36498793	36500503	800
36500503	36512463	750
36512463	36522551	700
36522551	36544440	650
36544440	36591396	600
36591396	36591583	650
36591583	36592005	700
36592005	36592923	750
36592923	36595033	800
36595033	36601735	850
36601735	36611263	900
36611263	36645348	850
36645348	36656627	900
36656627	36658777	850
36658777	36833519	900
36833519	36844157	950
36844157	36887183	900
36887183	36888991	850
36888991	36899567	900
36899567	36904446	950
36904446	36910826	900
36910826	36939541	950
36939541	36940257	900
36940257	36941616	950
36941616	36945268	900
36945268	36946747	950
36946747	36947500	900
36947500	36953551	950
36953551	36955152	900
36955152	36956087	950
36956087	36957499	900
36957499	36967957	950
36967957	36969353	900
36969353	36973146	950
36973146	36974668	900
36974668	36977340	950
36977340	36979514	900
36979514	36983008	950
36983008	36983639	900
36983639	36989691	950
36989691	37022883	900
37022883	37023954	950
37023954	37267893	900
37267893	37269058	850
37269058	37323299	900
37323299	37327137	850
37327137	37328080	800
37328080	37348919	850
37348919	37351567	800
37351567	37462479	850
37462479	37504798	800
37504798	37591707	750
37591707	37607462	700
37607462	37618531	650
37618531	37619554	600
37619554	37629846	650
37629846	37635836	600
37635836	37651845	650
37651845	37653754	600
37653754	37654721	550
37654721	37658695	500
37658695	37687545	450
37687545	37705945	500
37705945	37732726	550
37732726	37813515	600
37813515	37856799	650
37856799	37858359	600
37858359	37864000	650
37864000	37889460	600
37889460	37916619	650
37916619	37991550	700
37991550	37994511	750
37994511	37996009	700
37996009	38030005	650
38030005	38044122	600
38044122	38050944	550
38050944	38069603	600
38069603	38082010	650
38082010	38102922	600
38102922	38121460	650
38121460	38125859	700
38125859	38126193	650
38126193	38126407	700
38126407	38136535	650
38136535	38159843	700
38159843	38162327	650
38162327	38167931	700
38167931	38170434	650
38170434	38175197	700
38175197	38181652	650
38181652	38190753	600
38190753	38209932	650
38209932	38234621	600
38234621	38304967	550
38304967	38308559	600
38308559	38320809	650
38320809	38341797	700
38341797	38357942	650
38357942	38365192	600
38365192	38369002	550
38369002	38383847	500
38383847	38387718	550
38387718	38391782	600
38391782	38393397	550
38393397	38399929	500
38399929	38426658	450
38426658	38434967	400
38434967	38441876	350
38441876	38456888	300
38456888	38519717	350
38519717	38521764	400
38521764	38531410	350
38531410	38536537	300
38536537	38571521	250
38571521	38628188	200
38628188	38701077	150
38701077	38744076	100
38744076	38837115	150
38837115	38843993	200
38843993	38901750	250
38901750	38913872	300
38913872	38919919	350
38919919	38979055	300
38979055	38980542	250
38980542	38992369	300
38992369	38997595	350
38997595	39002026	300
39002026	39013568	250
39013568	39019485	200
39019485	39031519	250
39031519	39046640	200
39046640	39057020	150
39057020	39200532	100
39200532	39224810	150
39224810	39294791	200
39294791	39316258	150
39316258	39335239	200
39335239	39367925	150
39367925	39568210	100
39568210	39583849	150
39583849	39646128	200
39646128	39665842	150
39665842	39669659	200
39669659	39680730	150
39680730	39718741	100
39718741	39905192	50
39905192	39930022	100
39930022	39931849	150
39931849	39935155	200
39935155	39944454	250
39944454	39964807	300
39964807	40007801	350
40007801	40011017	400
40011017	40015622	450
40015622	40015739	500
40015739	40055930	450
40055930	40060301	500
40060301	40072668	450
40072668	40076819	500
40076819	40084353	450
40084353	40119803	500
40119803	40156549	450
40156549	40209259	400
40209259	40223118	350
40223118	40225976	300
40225976	40227219	250
40227219	40228251	200
40228251	40228870	150
40228870	40238973	100
40238973	40325995	50
40325995	40335406	100
40335406	40555663	50
40555663	40597439	100
40597439	40644579	50
40644579	40700758	100
40700758	40719564	50
41980871	42030827	50
42030827	42033148	100
42033148	42046397	150
42046397	42047769	200
42047769	42048383	150
42048383	42052825	200
42052825	42284197	150
42284197	42292087	200
42292087	42295812	150
42295812	42322651	200
42322651	42361086	150
42361086	42570567	100
42570567	42634459	50
42634459	42639410	100
42639410	42700537	50
42700537	42770073	100
42770073	42772271	150
42772271	42775099	200
42775099	42777775	250
42777775	42781061	300
42781061	42785950	350
42785950	42793795	400
42793795	42843995	350
42843995	42862764	400
42862764	42871673	450
42871673	42882124	500
42882124	42905453	550
42905453	43158614	600
43158614	43170005	550
43170005	43175564	500
43175564	43175599	450
43175599	43176872	500
43176872	43188310	450
43188310	43188605	500
43188605	43189835	450
43189835	43201949	500
43201949	43209271	550
43209271	43223531	500
43223531	43262596	450
43262596	43332992	500
43332992	43333593	450
43333593	43336477	400
43336477	43361157	350
43361157	43412395	400
43412395	43427975	350
43427975	43485539	300
43485539	43493701	350
43493701	43503795	400
43503795	43545345	450
43545345	43558981	400
43558981	43609632	350
43609632	43638456	400
43638456	43689405	450
43689405	43707385	500
43707385	43728426	550
43728426	43739887	600
43739887	43746021	650
43746021	43784952	700
43784952	43820924	750
43820924	43822965	800
43822965	43823059	750
43823059	43823395	800
43823395	43827443	750
43827443	43838136	800
43838136	43843557	750
43843557	43849081	800
43849081	43889756	750
43889756	43912360	800
43912360	43917188	750
43917188	43936500	800
43936500	43963491	850
43963491	43964367	800
43964367	43973183	850
43973183	43974201	800
43974201	43979761	850
43979761	43981135	800
43981135	43990938	850
43990938	44008141	800
44008141	44016728	850
44016728	44047198	800
44047198	44155194	850
44155194	44158615	800
44158615	44161521	750
44161521	44168039	800
44168039	44170246	750
44170246	44178976	800
44178976	44312042	850
44312042	44348463	800
44348463	44359107	750
44359107	44390445	800
44390445	44392521	850
44392521	44397957	800
44397957	44399077	850
44399077	44403266	800
44403266	44420076	850
44420076	44428683	800
44428683	44445138	850
44445138	44446390	800
44446390	44453025	850
44453025	44462177	900
44462177	44472411	850
44472411	44484409	900
44484409	44485152	850
44485152	44486978	900
44486978	44492315	850
44492315	44512200	800
44512200	44582144	850
44582144	44583242	900
44583242	44584580	850
44584580	44586167	900
44586167	44609420	850
44609420	44628559	900
44628559	44639931	850
44639931	44672798	900
44672798	44705596	850
44705596	44730175	900
44730175	44749411	850
44749411	44750831	800
44750831	44771413	850
44771413	44782697	800
44782697	44783424	850
44783424	44792024	900
44792024	44792448	850
44792448	44794497	900
44794497	44794747	850
44794747	44812148	900
44812148	44890327	850
44890327	44898323	900
44898323	44899800	850
44899800	44929553	900
44929553	44932520	850
44932520	44946529	900
44946529	45006466	850
45006466	45013315	900
45013315	45050263	850
45050263	45079206	900
45079206	45144237	850
45144237	45153818	900
45153818	45272616	850
45272616	45275211	900
45275211	45278089	850
45278089	45306574	800
45306574	45313038	850
45313038	45327757	800
45327757	45351126	850
45351126	45369892	800
45369892	45375819	850
45375819	45376825	800
45376825	45378110	850
45378110	45379414	800
45379414	45401794	850
45401794	45426162	800
45426162	45437209	750
45437209	45458755	700
45458755	45460722	750
45460722	45464838	800
45464838	45481946	850
45481946	45516184	800
45516184	45522862	750
45522862	45528894	800
45528894	45530034	750
45530034	45542031	800
45542031	45555574	750
45555574	45575673	700
45575673	45581205	750
45581205	45588814	700
45588814	45612219	750
45612219	45623253	700
45623253	45639715	650
45639715	45648358	700
45648358	45683665	750
45683665	45695061	800
45695061	45702115	750
45702115	45722692	800
45722692	45757830	750
45757830	45773024	800
45773024	45785608	750
45785608	45792588	700
45792588	45800078	650
45800078	45816311	600
45816311	45817209	550
45817209	45817773	600
45817773	45832296	550
45832296	45837931	500
45837931	45845368	450
45845368	45853461	400
45853461	45857372	450
45857372	45862649	500
45862649	45865974	550
45865974	45866721	600
45866721	45867987	650
45867987	45870440	700
45870440	45870598	750
45870598	45870683	700
45870683	45883776	750
45883776	45884447	800
45884447	45886466	750
45886466	45951461	800
45951461	45961073	750
45961073	45963950	800
45963950	45965781	750
45965781	45975863	800
45975863	45978783	750
45978783	45987413	800
45987413	45991240	750
45991240	46001852	800
46001852	46028770	750
46028770	46040414	700
46040414	46085614	650
46085614	46085998	700
46085998	46098590	750
46098590	46105834	700
46105834	46149430	650
46149430	46158039	700
46158039	46162154	650
46162154	46168088	600
46168088	46176085	650
46176085	46177421	600
46177421	46178879	550
46178879	46180677	500
46180677	46188087	450
46188087	46198074	400
46198074	46215636	350
46215636	46232131	300
46232131	46249323	350
46249323	46256158	400
46256158	46290617	450
46290617	46303675	500
46303675	46304242	550
46304242	46308892	600
46308892	46321523	550
46321523	46333202	500
46333202	46372086	450
46372086	46385606	500
46385606	46444383	550
46444383	46454327	600
46454327	46472068	650
46472068	46475734	600
46475734	46478966	550
46478966	46482449	500
46482449	46484494	450
46484494	46485745	400
46485745	46489535	350
46489535	46490164	300
46490164	46504037	250
46504037	46516078	300
46516078	46547399	250
46547399	46557608	300
46557608	46567534	250
46567534	46569145	300
46569145	46577149	250
46577149	46612939	200
46612939	46652476	250
46652476	46682642	300
46682642	46701412	350
46701412	46719906	400
46719906	46723475	450
46723475	46727410	500
46727410	46731702	550
46731702	46731817	600
46731817	46732301	550
46732301	46735872	600
46735872	46746848	650
46746848	46754449	600
46754449	46776694	650
46776694	46786188	700
46786188	46793899	650
46793899	46799238	600
46799238	46800882	550
46800882	46812975	500
46812975	46860950	450
46860950	46862285	500
46862285	46863180	550
46863180	46869907	600
46869907	46874749	550
46874749	46904737	500
46904737	46906152	450
46906152	46930908	500
46930908	46973502	550
46973502	46979332	600
46979332	46988557	650
46988557	46997090	700
46997090	47032756	750
47032756	47039115	700
47039115	47041695	650
47041695	47043705	600
47043705	47061449	550
47061449	47063892	500
47063892	47065972	450
47065972	47168127	400
47168127	47199923	350
47199923	47203225	300
47203225	47251282	250
47251282	47276245	300
47276245	47381739	250
47381739	47421995	300
47421995	47492828	350
47492828	47511643	300
47511643	47535408	350
47535408	47539214	400
47539214	47586905	350
47586905	47661955	400
47661955	47772519	350
47772519	47777461	400
47777461	47789779	450
47789779	47790709	500
47790709	47792057	550
47792057	47793327	600
47793327	47804547	650
47804547	47828578	700
47828578	47873671	650
47873671	47887891	700
47887891	47960001	650
47960001	47992722	700
47992722	48018684	650
48018684	48049513	700
48049513	48059642	650
48059642	48197990	700
48197990	48207256	650
48207256	48212931	700
48212931	48220128	650
48220128	48225477	700
48225477	48293693	650
48293693	48307146	600
48307146	48324021	550
48324021	48339866	600
48339866	48349303	650
48349303	48353433	600
48353433	48358877	550
48358877	48394576	500
48394576	48435078	550
48435078	48443747	600
48443747	48482000	650
48482000	48494387	700
48494387	48496794	650
48496794	48498272	600
48498272	48499158	550
48499158	48499746	500
48499746	48500036	450
48500036	48500233	400
48500233	48506758	350
48506758	48556846	300
48556846	48622781	250
48622781	48649811	200
48649811	48697454	150
48697454	48726232	200
48726232	48771875	250
48771875	48790831	300
48790831	48797465	350
48797465	48837256	300
48837256	48845872	350
48845872	48854720	400
48854720	48958533	350
48958533	49151174	300
49151174	49178632	350
49178632	49198563	400
49198563	49245097	450
49245097	49246648	500
49246648	49253947	450
49253947	49327232	500
49327232	49383440	550
49383440	49439200	600
49439200	49448505	650
49448505	49449525	600
49449525	49453090	650
49453090	49455052	600
49455052	49464528	650
49464528	49467654	600
49467654	49469874	550
49469874	49472727	500
49472727	49474798	450
49474798	49476273	400
49476273	49483514	350
49483514	49505047	300
49505047	49524095	250
49524095	49529657	200
49529657	49684310	150
49684310	49730043	200
49730043	49779694	250
49779694	49798819	300
49798819	49885987	250
49885987	49898995	200
49898995	50052526	250
50052526	50059111	300
50059111	50089079	350
50089079	50150295	300
50150295	50155566	350
50155566	50165767	400
50165767	50177926	450
50177926	50196599	500
50196599	50237245	450
50237245	50268184	500
50268184	50286199	450
50286199	50361931	500
50361931	50380368	550
50380368	50381423	600
50381423	50384765	550
50384765	50386653	500
50386653	50387871	450
50387871	50388593	400
50388593	50389938	350
50389938	50481566	300
50481566	50527233	350
50527233	50604082	400
50604082	50614330	450
50614330	50622944	500
50622944	50637749	450
50637749	50642045	500
50642045	50650575	550
50650575	50651735	500
50651735	50659276	450
50659276	50698399	400
50698399	50712544	450
50712544	50741512	500
50741512	50758639	550
50758639	50763464	600
50763464	50772138	650
50772138	50782734	700
50782734	50801739	750
50801739	50825674	800
50825674	50843661	750
50843661	50859221	800
50859221	50861128	750
50861128	50874152	700
50874152	50881218	750
50881218	50881640	800
50881640	50887673	750
50887673	50954683	800
50954683	50958151	850
50958151	50961923	800
50961923	50968781	850
50968781	50974169	800
50974169	50997044	850
50997044	51030637	800
51030637	51043949	850
51043949	51044340	800
51044340	51058386	850
51058386	51060477	900
51060477	51066729	850
51066729	51072762	900
51072762	51098791	850
51098791	51106927	900
51106927	51162523	850
51162523	51169525	900
51169525	51184085	850
51184085	51191265	800
51191265	51206733	850
51206733	51209071	800
51209071	51223981	850
51223981	51233727	900
51233727	51241809	850
51241809	51245112	900
51245112	51268075	850
51268075	51274374	800
51274374	51286647	850
51286647	51294820	800
51294820	51320157	850
51320157	51362655	900
51362655	51379267	850
51379267	51399342	900
51399342	51406793	850
51406793	51410429	900
51410429	51412872	850
51412872	51470212	900
51470212	51470738	850
51470738	51510852	900
51510852	51519783	850
51519783	51526887	900
51526887	51528139	850
51528139	51529660	900
51529660	51529801	850
51529801	51531310	900
51531310	51546102	850
51546102	51555715	900
51555715	51556093	850
51556093	51559461	900
51559461	51565759	850
51565759	51584298	800
51584298	51595806	750
51595806	51608425	700
51608425	51618850	750
51618850	51629052	800
51629052	51643765	750
51643765	51654485	800
51654485	51687742	750
51687742	51703221	700
51703221	51705056	750
51705056	51706446	700
51706446	51712122	750
51712122	51726758	700
51726758	51737403	750
51737403	51739780	700
51739780	51743148	750
51743148	51771264	700
51771264	51790559	650
51790559	51796443	700
51796443	51797170	750
51797170	51831118	800
51831118	51832387	850
51832387	51836326	800
51836326	51951595	850
51951595	51959522	900
51959522	51967199	850
51967199	52000226	900
52000226	52079013	850
52079013	52087792	800
52087792	52096364	750
52096364	52097370	800
52097370	52098050	750
52098050	52113946	800
52113946	52123009	850
52123009	52201858	900
52201858	52239715	850
52239715	52299990	900
52299990	52443902	850
52443902	52450846	800
52450846	52503204	850
52503204	52591700	800
52591700	52592751	750
52592751	52603355	800
52603355	52662616	750
52662616	52677635	800
52677635	52703115	750
52703115	52709679	700
52709679	52729845	750
52729845	52796447	800
52796447	53180124	850
53180124	53260306	800
53260306	53338719	750
53338719	53349006	700
53349006	53360271	650
53360271	53431417	600
53431417	53478805	550
53478805	53567128	600
53567128	53583432	650
53583432	53593113	700
53593113	53610710	750
53610710	53611829	800
53611829	53619422	750
53619422	53634472	700
53634472	53659070	750
53659070	53673498	800
53673498	53681582	750
53681582	53690535	700
53690535	53700561	650
53700561	53743131	700
53743131	53764053	650
53764053	53822919	700
53822919	53849804	750
53849804	53866648	800
53866648	53871042	850
53871042	53892943	800
53892943	53902396	750
53902396	53904612	700
53904612	53913138	650
53913138	53963668	600
53963668	53978104	650
53978104	53979829	600
53979829	53981768	650
53981768	54001618	600
54001618	54033596	650
54033596	54059939	700
54059939	54109003	750
54109003	54139298	800
54139298	54140767	750
54140767	54141561	700
54141561	54142002	650
54142002	54142287	600
54142287	54151659	550
54151659	54159156	500
54159156	54165308	450
54165308	54169147	400
54169147	54172726	350
54172726	54180784	300
54180784	54204479	350
54204479	54330610	400
54330610	54348585	450
54348585	54433525	500
54433525	54525334	450
54525334	54552233	500
54552233	54560259	550
54560259	54571385	600
54571385	54612257	650
54612257	54679038	600
54679038	54698078	550
54698078	54723924	500
54723924	54765147	450
54765147	54790759	500
54790759	54819638	550
54819638	54969792	600
54969792	54974760	550
54974760	54984695	600
54984695	55120260	550
55120260	55206761	500
55206761	55268732	450
55268732	55287667	400
55287667	55346846	350
55346846	55369737	400
55369737	55371913	450
55371913	55373898	500
55373898	55377317	550
55377317	55383999	600
55383999	55390569	650
55390569	55402463	700
55402463	55423118	750
55423118	55426139	800
55426139	55435026	850
55435026	55466716	900
55466716	55467826	850
55467826	55477230	900
55477230	55527785	850
55527785	55530541	900
55530541	55533779	850
55533779	55542122	900
55542122	55542421	850
55542421	55556461	900
55556461	55557045	850
55557045	55557148	900
55557148	55605922	850
55605922	55609107	800
55609107	55669291	850
55669291	55719713	800
55719713	55720796	850
55720796	55734703	800
55734703	55740211	850
55740211	55742575	800
55742575	55775585	850
55775585	55776200	800
55776200	55776306	850
55776306	55776415	800
55776415	55778263	850
55778263	55785319	800
55785319	55795907	750
55795907	55808616	800
55808616	55813840	850
55813840	55815172	800
55815172	55817851	850
55817851	55830415	900
55830415	55831250	850
55831250	55876665	900
55876665	55878326	850
55878326	55932078	900
55932078	55942437	850
55942437	55976678	900
55976678	55990029	850
55990029	55999529	800
55999529	56021221	750
56021221	56030010	700
56030010	56125299	650
56125299	56139396	600
56139396	56144396	650
56144396	56145294	700
56145294	56150470	750
56150470	56156681	800
56156681	56225443	850
56225443	56239556	900
56239556	56262170	850
56262170	56265064	800
56265064	56296287	850
56296287	56614260	900
56614260	56619886	850
56619886	56622666	800
56622666	56624563	750
56624563	56626009	700
56626009	56633552	650
56633552	56634582	600
56634582	56635458	650
56635458	56647229	600
56647229	56658872	550
56658872	56670566	500
56670566	56767509	450
56767509	56919714	500
56919714	56922658	450
56922658	56929995	400
56929995	56954548	350
56954548	56998176	300
56998176	57017631	350
57017631	57038956	400
57038956	57098195	450
57098195	57142764	400
57142764	57180739	350
57180739	57198133	400
57198133	57219862	450
57219862	57231442	500
57231442	57233621	550
57233621	57262264	600
57262264	57289168	650
57289168	57293295	700
57293295	57293634	750
57293634	57293756	700
57293756	57342211	750
57342211	57359072	800
57359072	57370144	850
57370144	57376362	800
57376362	57393758	850
57393758	57395691	900
57395691	57395917	850
57395917	57404946	900
57404946	57420812	850
57420812	57444059	900
57444059	57453090	850
57453090	57500683	900
57500683	57535974	850
57535974	57540667	800
57540667	57561470	850
57561470	57605515	800
57605515	57615305	850
57615305	57693101	900
57693101	57697465	850
57697465	57703122	800
57703122	57710725	750
57710725	57737600	700
57737600	57761466	650
57761466	57775382	700
57775382	57775856	650
57775856	57776316	700
57776316	57785825	650
57785825	57793132	700
57793132	57803323	750
57803323	57804584	800
57804584	57809115	850
57809115	57811594	900
57811594	57911801	850
57911801	58071146	900
58071146	58078616	850
58078616	58089626	900
58089626	58090470	850
58090470	58104494	900
58104494	58105369	850
58105369	58143319	900
58143319	58144682	850
58144682	58150277	900
58150277	58159431	850
58159431	58191858	900
58191858	58197472	850
58197472	58198668	800
58198668	58220995	850
58220995	58230228	900
58230228	58243405	850
58243405	58262325	900
58262325	58289174	850
58289174	58306058	900
58306058	58308573	850
58308573	58327857	900
58327857	58332987	850
58332987	58334560	900
58334560	58335503	850
58335503	58341204	900
58341204	58345974	850
58345974	58369412	900
58369412	58374147	850
58374147	58375990	900
58375990	58381287	850
58381287	58395340	900
58395340	58403335	850
58403335	58425267	800
58425267	58425565	750
58425565	58427214	800
58427214	58445972	750
58445972	58455478	800
58455478	58461209	850
58461209	58463499	800
58463499	58464988	750
58464988	58471340	700
58471340	58482664	650
58482664	58484451	600
58484451	58487561	550
58487561	58494355	500
58494355	58568571	450
58568571	58570795	400
58570795	58577583	450
58577583	58587046	500
58587046	58593931	550
58593931	58595634	600
58595634	58599145	650
58599145	58613087	700
58613087	58620464	650
58620464	58624237	700
58624237	58629034	750
58629034	58633226	800
58633226	58633711	850
58633711	58633897	800
58633897	58656491	850
58656491	58658674	900
58658674	58661728	850
58661728	58663716	900
58663716	58665170	850
58665170	58672879	800
58672879	58681413	750
58681413	58691683	800
58691683	58699604	850
58699604	58708569	900
58708569	58719657	850
58719657	58723105	900
58723105	58723515	850
58723515	58727523	900
58727523	58733006	850
58733006	58735488	900
58735488	58752372	850
58752372	58760521	800
58760521	58766920	850
58766920	58776040	900
58776040	58781197	950
58781197	58792436	900
58792436	58792775	950
58792775	58793105	900
58793105	58794438	950
58794438	58795560	900
58795560	58798756	950
58798756	58799505	900
58799505	58812349	950
58812349	58825362	900
58825362	58826128	850
58826128	58835884	900
58835884	58850778	850
58850778	58861831	900
58861831	58864220	950
58864220	58865701	900
58865701	58866995	950
58866995	58874377	900
58874377	58877516	950
58877516	58887729	900
58887729	58894569	950
58894569	58894779	900
58894779	58898310	950
58898310	58898834	900
58898834	58938675	950
58938675	58950655	900
58950655	58955111	950
58955111	58956282	900
58956282	58974649	950
58974649	58975077	900
58975077	58979068	950
58979068	58979693	900
58979693	59013234	950
59013234	59013694	900
59013694	59014322	950
59014322	59050022	900
59050022	59089292	950
59089292	59089615	900
59089615	59093568	950
59093568	59099308	900
59099308	59104686	950
59104686	59107307	900
59107307	59109803	950
59109803	59122496	900
59122496	59135935	950
59135935	59136542	900
59136542	59146835	950
59146835	59157233	900
59157233	59159654	950
59159654	59161345	900
59161345	59162877	950
59162877	59168031	900
59168031	59169607	950
59169607	59172723	900
59172723	59174686	950
59174686	59176312	900
59176312	59186574	950
59186574	59187364	900
59187364	59193590	950
59193590	59198060	900
59198060	59200706	950
59200706	59202829	900
59202829	59217114	950
59217114	59218088	900
59218088	59225782	950
59225782	59241295	900
59241295	59251539	950
59251539	59252256	900
59252256	59257572	950
59257572	59258407	900
59258407	59260786	950
59260786	59262598	900
59262598	59264171	950
59264171	59285713	900
59285713	59286987	950
59286987	59293109	900
59293109	59295866	950
59295866	59364538	900
59364538	59378006	950
59378006	59379437	900
59379437	59383864	950
59383864	59384330	900
59384330	59385118	950
59385118	59390373	900
59390373	59394655	950
59394655	59421421	900
59421421	59456282	950
59456282	59457191	900
59457191	59473003	950
59473003	59474904	900
59474904	59496919	950
59496919	59498995	900
59498995	59504985	950
59504985	59506962	900
59506962	59528853	950
59528853	59529230	900
59529230	59539138	950
59539138	59540740	900
59540740	59547954	950
59547954	59548905	900
59548905	59572845	950
59572845	59582765	900
59582765	59584050	950
59584050	59584352	900
59584352	59589042	950
59589042	59590103	900
59590103	59593333	950
59593333	59597403	900
59597403	59598904	950
59598904	59621780	900
59621780	59622249	850
59622249	59627902	900
59627902	59653723	850
59653723	59657379	900
59657379	59662761	850
59662761	59667099	900
59667099	59668728	850
59668728	59670024	900
59670024	59680865	850
59680865	59683211	900
59683211	59689397	850
59689397	59713064	900
59713064	59728355	850
59728355	59730806	900
59730806	59738539	850
59738539	59742623	900
59742623	59745962	850
59745962	59759657	900
59759657	59760762	850
59760762	59764375	900
59764375	59765160	850
59765160	59766572	900
59766572	59767420	850
59767420	59779675	900
59779675	59781321	850
59781321	59796163	900
59796163	59810663	850
59810663	59829297	800
59829297	59837097	750
59837097	59849893	800
59849893	59876087	850
59876087	59877009	900
59877009	59878444	850
59878444	59886184	900
59886184	59889400	850
59889400	59896790	800
59896790	59900010	750
59900010	59903051	700
59903051	59905225	650
59905225	59907332	600
59907332	59912184	550
59912184	59915789	500
59915789	59918573	450
59918573	59923572	400
59923572	59927290	350
59927290	59936367	300
59936367	60074044	250
60074044	60124423	300
60124423	60141322	350
60141322	60152824	400
60152824	60166008	450
60166008	60167679	500
60167679	60169054	550
60169054	60169532	600
60169532	60171926	650
60171926	60172376	700
60172376	60174788	650
60174788	60200065	700
60200065	60201454	750
60201454	60202826	700
60202826	60214175	750
60214175	60236084	800
60236084	60379834	850
60379834	60668927	900
60668927	60669248	850
60669248	60671294	900
60671294	60674683	850
60674683	60682401	900
60682401	60687349	850
60687349	60691556	900
60691556	60692591	850
60692591	60702200	900
60702200	60702812	850
60702812	60703830	900
60703830	60724956	850
60724956	60729942	800
60729942	60744732	750
60744732	60777207	700
60777207	60788670	650
60788670	60792792	700
60792792	60799957	750
60799957	60814336	800
60814336	60833972	750
60833972	60842892	800
60842892	60869358	750
60869358	60874575	800
60874575	60876031	750
60876031	60879124	800
60879124	60883215	750
60883215	60883726	800
60883726	60924804	750
60924804	60932154	800
60932154	61041836	850
61041836	61087322	800
61087322	61092523	750
61092523	61093907	700
61093907	61098337	750
61098337	61118828	700
61118828	61134087	650
61134087	61138936	600
61138936	61157655	550
61157655	61186697	600
61186697	61202874	550
61202874	61224733	500
61224733	61239831	550
61239831	61261640	500
61261640	61282287	450
61282287	61311153	400
61311153	61311474	450
61311474	61311656	400
61311656	61339215	450
61339215	61347711	400
61347711	61354756	450
61354756	61369390	500
61369390	61375749	550
61375749	61411610	600
61411610	61426127	650
61426127	61517509	700
61517509	61567390	650
61567390	61574081	600
61574081	61575666	550
61575666	61576909	500
61576909	61577822	450
61577822	61578537	400
61578537	61579059	350
61579059	61580578	300
61580578	61581707	250
61581707	61604893	200
61604893	61674916	150
61674916	61808243	100
61808243	61843959	150
61843959	61851992	200
61851992	61906583	250
61906583	61924581	300
61924581	61926978	350
61926978	61937574	400
61937574	61959712	450
61959712	61962813	500
61962813	61965651	550
61965651	61970499	600
61970499	62002122	650
62002122	62005538	600
62005538	62128593	650
62128593	62130798	600
62130798	62132609	550
62132609	62133968	500
62133968	62134910	450
62134910	62135576	400
62135576	62140867	350
62140867	62185903	300
62185903	62216671	250
62216671	62235081	300
62235081	62236744	250
62236744	62268939	200
62268939	62269805	250
62269805	62393183	200
62393183	62459574	250
62459574	62461985	300
62461985	62500033	250
62500033	62501824	200
62501824	62686254	150
62686254	62733625	200
62733625	62752172	250
62752172	62756136	200
62756136	62813143	250
62813143	62885984	300
62885984	62886926	350
62886926	62888252	400
62888252	62889384	450
62889384	62891112	500
62891112	62894296	550
62894296	62922373	600
62922373	62923484	550
62923484	62926307	600
62926307	62945827	550
62945827	62993042	600
62993042	63020406	650
63020406	63023614	600
63023614	63101482	550
63101482	63105818	600
63105818	63116550	550
63116550	63132659	500
63132659	63136260	450
63136260	63150657	500
63150657	63231010	450
63231010	63252810	400
63252810	63277093	450
63277093	63278538	500
63278538	63281590	550
63281590	63289474	500
63289474	63367290	550
63367290	63408239	600
63408239	63410988	550
63410988	63414814	600
63414814	63419004	650
63419004	63459317	700
63459317	63476162	650
63476162	63477641	700
63477641	63480691	650
63480691	63481698	600
63481698	63482354	550
63482354	63482816	500
63482816	63483840	450
63483840	63488648	400
63488648	63500298	350
63500298	63515257	300
63515257	63623170	250
63623170	63669623	200
63669623	63860492	150
63860492	63888221	200
63888221	63900825	250
63900825	63908111	300
63908111	63912722	350
63912722	63940669	400
63940669	63968080	350
63968080	63980806	300
63980806	64002945	350
64002945	64016433	400
64016433	64046453	450
64046453	64047795	500
64047795	64048712	450
64048712	64073257	500
64073257	64079941	550
64079941	64115754	600
64115754	64125084	650
64125084	64130675	700
64130675	64134901	750
64134901	64138966	700
64138966	64146319	750
64146319	64168451	800
64168451	64170440	750
64170440	64205789	800
64205789	64254958	850
64254958	64302946	800
64302946	64321949	750
64321949	64334493	700
64334493	64370826	650
64370826	64373707	600
64373707	64376164	550
64376164	64379784	500
64379784	64387459	450
64387459	64589313	400
64589313	64632314	450
64632314	64632869	500
64632869	64633772	550
64633772	64635348	600
64635348	64639786	650
64639786	64647611	700
64647611	64659993	750
64659993	64680864	800
64680864	64752535	850
64752535	64775010	900
64775010	64807618	850
64807618	64823464	900
64823464	64824571	850
64824571	64835267	900
64835267	64836366	850
64836366	64837000	900
64837000	64837564	850
64837564	64839284	900
64839284	64859506	850
64859506	64862160	800
64862160	64872768	850
64872768	64986242	900
64986242	64987204	850
64987204	64990126	900
64990126	64990481	850
64990481	65150681	900
65150681	65154762	850
65154762	65164386	900
65164386	65168246	850
65168246	65177762	900
65177762	65223325	850
65223325	65241461	800
65241461	65254905	750
65254905	65256102	700
65256102	65257911	650
65257911	65260740	600
65260740	65263098	550
65263098	65277946	500
65277946	65335409	450
65335409	65337279	400
65337279	65379488	350
65379488	65393636	300
65393636	65459184	350
65459184	65464216	400
65464216	65467700	450
65467700	65478964	400
65478964	65492875	350
65492875	65539647	400
65539647	65553148	350
65553148	65580357	400
65580357	65594708	350
65594708	65618191	300
65618191	65622743	350
65622743	65642116	300
65642116	65692444	250
65692444	65705219	300
65705219	65706477	350
65706477	65710081	400
65710081	65719319	450
65719319	65726461	400
65726461	65732742	350
65732742	65803557	300
65803557	65803869	350
65803869	65804628	400
65804628	65817392	450
65817392	65822160	500
65822160	65833109	450
65833109	65837526	500
65837526	65888049	450
65888049	65914298	500
65914298	65925799	550
65925799	65939323	600
65939323	66000607	650
66000607	66102717	700
66102717	66112625	650
66112625	66137096	600
66137096	66137859	550
66137859	66138018	600
66138018	66139386	550
66139386	66205091	600
66205091	66257320	550
66257320	66259762	600
66259762	66284294	550
66284294	66323677	600
66323677	66359187	650
66359187	66366456	600
66366456	66369204	550
66369204	66372254	500
66372254	66376280	550
66376280	66384538	600
66384538	66393926	650
66393926	66395010	700
66395010	66420023	750
66420023	66425318	800
66425318	66430468	850
66430468	66444011	800
66444011	66486680	850
66486680	66569619	900
66569619	66595022	950
66595022	66609218	900
66609218	66621975	950
66621975	66624734	900
66624734	66720730	950
66720730	66805088	900
66805088	66847749	950
66847749	67182935	900
67182935	67208793	850
67208793	67224394	800
67224394	67228280	750
67228280	67230626	800
67230626	67295082	750
67295082	67350409	700
67350409	67355533	750
67355533	67419433	800
67419433	67446101	750
67446101	67466580	700
67466580	67551903	650
67551903	67557365	700
67557365	67577038	750
67577038	67579567	800
67579567	67612397	750
67612397	67627976	800
67627976	67628924	750
67628924	67682832	800
67682832	67712013	850
67712013	67744279	900
67744279	67752917	950
67752917	67753151	900
67753151	67758344	950
67758344	67759327	900
67759327	67774539	950
67774539	67831683	900
67831683	67889687	950
67889687	67890514	900
67890514	67970785	950
67970785	67972102	900
67972102	68001343	950
68001343	68001886	900
68001886	68125957	950
68125957	68131297	900
68131297	68147787	850
68147787	68151191	900
68151191	68152169	850
68152169	68181936	900
68181936	68183734	950
68183734	68184188	900
68184188	68279941	950
68279941	68280837	900
68280837	68397892	950
68397892	68409185	900
68409185	68423716	950
68423716	68424246	900
68424246	68456132	950
68456132	68457001	900
68457001	68461108	950
68461108	68517625	900
68517625	68522642	950
68522642	68524153	900
68524153	68550333	950
68550333	68551111	900
68551111	68552783	950
68552783	68554875	900
68554875	68557572	950
68557572	68621345	900
68621345	68654584	850
68654584	68655450	800
68655450	68678353	850
68678353	68697004	800
68697004	68717158	750
68717158	68724485	700
68724485	68725314	650
68725314	68759725	600
68759725	68768142	650
68768142	68771228	600
68771228	68823378	650
68823378	68837733	700
68837733	68902596	750
68902596	68927823	700
68927823	68961278	750
68961278	68978074	700
68978074	68996818	650
68996818	69155668	700
69155668	69191798	750
69191798	69198515	800
69198515	69205801	850
69205801	69626523	900
69626523	69629512	850
69629512	69722917	900
69722917	69732247	850
69732247	69737866	900
69737866	69835692	850
69835692	69845508	800
69845508	69851791	750
69851791	69855939	700
69855939	69858642	650
69858642	69874097	600
69874097	69881607	550
69881607	69885183	500
69885183	69887146	450
69887146	69888484	400
69888484	69890974	350
69890974	69902219	300
69902219	69929391	250
69929391	70261893	200
70261893	70276274	250
70276274	70286095	200
70286095	70356157	250
70356157	70363820	300
70363820	70371023	250
70371023	70405113	300
70405113	70420562	350
70420562	70565286	400
70565286	70651664	350
70651664	70665956	300
70665956	70673667	350
70673667	70683344	400
70683344	70714605	450
70714605	70724877	500
70724877	70748415	550
70748415	70759852	600
70759852	70794976	550
70794976	70860354	500
70860354	70881863	550
70881863	70894283	600
70894283	70939212	650
70939212	71033542	700
71033542	71109492	650
71109492	71110454	600
71110454	71113592	650
71113592	71119553	600
71119553	71127414	650
71127414	71188548	600
71188548	71198915	550
71198915	71228064	600
71228064	71303340	550
71303340	71346376	500
71346376	71365686	450
71365686	71393020	500
71393020	71410794	550
71410794	71413465	600
71413465	71414782	650
71414782	71418943	700
71418943	71468591	750
71468591	71470005	800
71470005	71471091	750
71471091	71478464	800
71478464	71479302	750
71479302	71491481	800
71491481	71499007	750
71499007	71505447	800
71505447	71517983	750
71517983	71610335	700
71610335	71630508	650
71630508	71642937	600
71642937	71698583	550
71698583	71712158	600
71712158	71717286	650
71717286	71769638	700
71769638	71775951	750
71775951	71780773	700
71780773	71831064	750
71831064	72121676	800
72121676	72125941	750
72125941	72210243	800
72210243	72216982	750
72216982	72337157	800
72337157	72370471	750
72370471	72379023	700
72379023	72462067	650
72462067	72487450	600
72487450	72500087	550
72500087	72506471	500
72506471	72514218	450
72514218	72516357	400
72516357	72528314	350
72528314	72612095	300
72612095	72800363	250
72800363	72813241	300
72813241	72816076	350
72816076	72859214	400
72859214	72885103	350
72885103	73016058	400
73016058	73040571	450
73040571	73091742	500
73091742	73128069	450
73128069	73179135	500
73179135	73266681	550
73266681	73312929	500
73312929	73368756	450
73368756	73396072	400
73396072	73421525	350
73421525	73426235	300
73426235	73429555	250
73429555	73433720	200
73433720	73620489	150
73620489	73668065	200
73668065	73711754	250
73711754	73719556	300
73719556	73720570	350
73720570	73722332	400
73722332	73725558	450
73725558	73728498	500
73728498	73729729	450
73729729	73737915	500
73737915	73753221	550
73753221	73762754	500
73762754	73772311	450
73772311	73784411	500
73784411	73839162	550
73839162	73930883	600
73930883	74112281	550
74112281	74147065	600
74147065	74197284	650
74197284	74215583	600
74215583	74261486	550
74261486	74266721	500
74266721	74276665	450
74276665	74293658	400
74293658	74344252	350
74344252	74407026	400
74407026	74426486	350
74426486	74429720	300
74429720	74621270	250
74621270	74710255	300
74710255	74856990	250
74856990	74876356	300
74876356	75029537	350
75029537	75040209	400
75040209	75044890	450
75044890	75111311	500
75111311	75177952	450
75177952	75182554	400
75182554	75185126	350
75185126	75186542	300
75186542	75187377	250
75187377	75197690	200
75197690	75204905	150
75204905	75444462	0
75444462	75444945	150
75444945	75580705	200
75580705	75582656	250
75582656	75586094	300
75586094	75595475	350
75595475	75618619	400
75618619	75630095	450
75630095	75637885	500
75637885	75686830	550
75686830	75695208	500
75695208	75696726	550
75696726	75699957	600
75699957	75703680	650
75703680	75703939	700
75703939	75704192	650
75704192	75706239	700
75706239	75707237	650
75707237	75710265	700
75710265	75724226	650
75724226	75779034	700
75779034	75923417	750
75923417	75985582	800
75985582	76059329	750
76059329	76069022	700
76069022	76098195	650
76098195	76100778	600
76100778	76146936	650
76146936	76160936	700
76160936	76220009	750
76220009	76223362	700
76223362	76241954	650
76241954	76250079	600
76250079	76260482	650
76260482	76271106	700
76271106	76286796	750
76286796	76329539	800
76329539	76350796	750
76350796	76380492	700
76380492	76393452	750
76393452	76427393	800
76427393	76496219	850
76496219	76498231	800
76498231	76499056	750
76499056	76499481	700
76499481	76499693	650
76499693	76526559	600
76526559	76538202	550
76538202	76551626	500
76551626	76580993	450
76580993	76584362	500
76584362	76594532	550
76594532	76621523	600
76621523	76628574	550
76628574	76706378	600
76706378	76707589	650
76707589	76709593	600
76709593	76714225	650
76714225	76723606	700
76723606	76886747	750
76886747	76948653	800
76948653	76985428	750
76985428	77044243	800
77044243	77091739	850
77091739	77108558	900
77108558	77116849	850
77116849	77150715	900
77150715	77165817	950
77165817	77180078	900
77180078	77200771	950
77200771	77227346	900
77227346	77233242	950
77233242	77240176	900
77240176	77315087	950
77315087	77511701	900
77511701	77531117	850
77531117	77532436	800
77532436	77533266	750
77533266	77547751	700
77547751	77559133	750
77559133	77589476	800
77589476	77637344	850
77637344	77779343	900
77779343	77813274	950
77813274	77822225	900
77822225	77885490	950
77885490	78028758	900
78028758	78039124	950
78039124	78127746	900
78127746	78220225	850
78220225	78320228	900
78320228	78516025	950
78516025	78637054	900
78637054	78652531	950
78652531	78688144	900
78688144	78794981	950
78794981	78853101	900
78853101	78919236	950
78919236	79006628	900
79006628	79009125	850
79009125	79080150	800
79080150	79083816	750
79083816	79101021	800
79101021	79110229	850
79110229	79257297	900
79257297	79356682	850
79356682	79372575	800
79372575	79375568	850
79375568	79391701	800
79391701	79397948	850
79397948	79410450	800
79410450	79445360	750
79445360	79453900	800
79453900	79456451	850
79456451	79980648	900
79980648	80041880	850
80041880	80096646	800
80096646	80132609	750
80132609	80171643	800
80171643	80182296	750
80182296	80190752	700
80190752	80209115	650
80209115	80215820	600
80215820	80223184	550
80223184	80586732	500
80586732	80861229	450
80861229	81198714	400
81198714	81209293	450
81209293	81214805	500
81214805	81256093	450
81256093	81409845	500
81409845	81556337	450
81556337	81570015	400
81570015	81582991	350
81582991	81655861	300
81655861	81710540	350
81710540	81734075	300
81734075	81739770	350
81739770	81744099	400
81744099	81753600	450
81753600	81764365	500
81764365	81765045	550
81765045	81765440	500
81765440	81765722	550
81765722	81766570	500
81766570	81773831	550
81773831	81833792	600
81833792	81852631	650
81852631	81856356	700
81856356	81858189	750
81858189	81858960	700
81858960	82170677	750
82170677	82171957	700
82171957	82190254	750
82190254	82200118	700
82200118	82207164	750
82207164	82240052	700
82240052	82270192	750
82270192	82332931	700
82332931	82407997	650
82407997	82496283	700
82496283	82600770	650
82600770	82887088	600
82887088	82935081	550
82935081	82962859	500
82962859	82981020	450
82981020	83008898	400
83008898	83080864	350
83080864	83153390	300
83153390	83160834	350
83160834	83177342	400
83177342	83186051	450
83186051	83199865	500
83199865	83207396	450
83207396	83216135	500
83216135	83219155	550
83219155	83223762	600
83223762	83231901	650
83231901	83235052	700
83235052	83249554	750
83249554	83320122	800
83320122	83342294	750
83342294	83397911	700
83397911	83484234	650
83484234	83507233	700
83507233	83646314	750
83646314	83720405	700
83720405	83737493	750
83737493	83742152	700
83742152	83745072	750
83745072	83871618	700
83871618	83873692	650
83873692	83885778	700
83885778	83887904	650
83887904	83901711	600
83901711	83912450	550
83912450	83921380	500
83921380	83971444	450
83971444	83989848	500
83989848	84025808	450
84025808	84094547	500
84094547	84127513	550
84127513	84141588	600
84141588	84141796	650
84141796	84142176	700
84142176	84142823	750
84142823	84143972	800
84143972	84185262	850
84185262	84464320	900
84464320	84557782	850
84557782	84568336	900
84568336	84597354	850
84597354	84617986	800
84617986	84660180	850
84660180	84679673	900
84679673	84723036	850
84723036	84724992	900
84724992	84786256	850
84786256	84789512	900
84789512	84791227	850
84791227	84841768	900
84841768	84844277	850
84844277	84847957	900
84847957	84853676	850
84853676	84916798	900
84916798	84973253	950
84973253	84974862	900
84974862	84984097	950
84984097	84984579	900
84984579	84989564	950
84989564	84992064	900
84992064	84996478	950
84996478	84999368	900
84999368	85002454	950
85002454	85004697	900
85004697	85007689	950
85007689	85009466	900
85009466	85014780	950
85014780	85022093	900
85022093	85028635	950
85028635	85031358	900
85031358	85032790	950
85032790	85039588	900
85039588	85352327	950
85352327	85362659	900
85362659	85665589	950
85665589	85666288	900
85666288	85843146	950
85843146	85847739	900
85847739	85872998	950
85872998	85880134	900
85880134	86023196	950
86023196	86024323	900
86024323	86135430	950
86135430	86138477	900
86138477	86169737	950
86169737	86180596	900
86180596	86198247	850
86198247	86202060	800
86202060	86205075	850
86205075	86216373	800
86216373	86250363	850
86250363	86252491	900
86252491	86252866	850
86252866	86268472	900
86268472	86283965	850
86283965	86315093	900
86315093	86388079	850
86388079	86392519	900
86392519	86392962	850
86392962	86467535	900
86467535	86487064	850
86487064	86487844	800
86487844	86488523	850
86488523	86491313	800
86491313	86527406	850
86527406	86550415	900
86550415	86556092	950
86556092	86576507	900
86576507	86601776	950
86601776	86603104	900
86603104	86721667	950
86721667	86783669	900
86783669	86843531	850
86843531	86845610	800
86845610	86850097	750
86850097	86881548	700
86881548	86897612	750
86897612	86913840	800
86913840	86984357	850
86984357	87175545	900
87175545	87182481	850
87182481	87185111	800
87185111	87185978	750
87185978	87193741	700
87193741	87193821	650
87193821	87197588	700
87197588	87203062	650
87203062	87203389	700
87203389	87205434	750
87205434	87211057	800
87211057	87220284	750
87220284	87253118	800
87253118	87363701	850
87363701	87385374	900
87385374	87430607	850
87430607	87438156	800
87438156	87441610	850
87441610	87471570	800
87471570	87485758	850
87485758	87488955	800
87488955	87490518	750
87490518	87493274	700
87493274	87526952	650
87526952	87535796	600
87535796	87548421	550
87548421	87579934	600
87579934	87584403	550
87584403	87587243	500
87587243	87605290	450
87605290	87667795	400
87667795	87675996	450
87675996	87684542	500
87684542	87691518	550
87691518	87693188	600
87693188	87695874	650
87695874	87701108	700
87701108	87717848	750
87717848	87719368	700
87719368	87725386	750
87725386	87728185	700
87728185	87733794	750
87733794	87734761	700
87734761	87747633	750
87747633	87766113	800
87766113	87801630	850
87801630	87849434	800
87849434	87867342	850
87867342	87867829	800
87867829	87868282	850
87868282	87872736	800
87872736	87874851	750
87874851	87878870	700
87878870	87881698	650
87881698	87897889	600
87897889	87911544	550
87911544	87919708	500
87919708	87996591	450
87996591	88006756	500
88006756	88035856	550
88035856	88038486	600
88038486	88079052	650
88079052	88137642	700
88137642	88141017	750
88141017	88146393	800
88146393	88169139	850
88169139	88250189	800
88250189	88255224	850
88255224	88349212	900
88349212	88354524	850
88354524	88359618	900
88359618	88372734	850
88372734	88376889	900
88376889	88380077	850
88380077	88403000	800
88403000	88410789	750
88410789	88413596	700
88413596	88419522	750
88419522	88512578	800
88512578	88518744	750
88518744	88547929	700
88547929	88563651	650
88563651	88572591	600
88572591	88608063	550
88608063	88621350	600
88621350	88636211	650
88636211	88679992	700
88679992	88698523	650
88698523	88730689	600
88730689	88745147	550
88745147	88767768	500
88767768	88781066	450
88781066	88845506	400
88845506	88853679	450
88853679	88873372	500
88873372	88885112	550
88885112	88889228	600
88889228	88908607	650
88908607	88935850	700
88935850	88993112	650
88993112	89010965	700
89010965	89012702	750
89012702	89013355	700
89013355	89043389	750
89043389	89044268	800
89044268	89045769	750
89045769	89082963	800
89082963	89087793	750
89087793	89089525	700
89089525	89097643	650
89097643	89115524	600
89115524	89160643	650
89160643	89171589	700
89171589	89181625	750
89181625	89196472	800
89196472	89199870	750
89199870	89204023	700
89204023	89216299	650
89216299	89222590	600
89222590	89236977	550
89236977	89242121	600
89242121	89243407	650
89243407	89245403	700
89245403	89247427	650
89247427	89248308	600
89248308	89248694	550
89248694	89280061	500
89280061	89281836	450
89281836	89283058	500
89283058	89298435	450
89298435	89330845	500
89330845	89354537	550
89354537	89362153	600
89362153	89364832	650
89364832	89369193	700
89369193	89377387	750
89377387	89382711	800
89382711	89394313	850
89394313	89444946	900
89444946	89446147	850
89446147	89527890	900
89527890	89528873	850
89528873	89557715	900
89557715	89597564	850
89597564	89612490	800
89612490	89636451	850
89636451	89638018	800
89638018	89642468	850
89642468	89706350	900
89706350	89842274	950
89842274	89842585	900
89842585	89856608	950
89856608	89857049	900
89857049	89881181	950
89881181	89881527	900
89881527	89882364	950
89882364	89882863	900
89882863	89949366	950
89949366	89950896	900
89950896	90253482	950
90253482	90273641	900
90273641	90438011	950
90438011	90446053	900
90446053	90469709	950
90469709	90469861	900
90469861	90470277	950
90470277	90470534	900
90470534	90488978	950
90488978	90525061	900
90525061	90610956	950
90610956	90612678	900
90612678	90745354	950
90745354	90746239	900
90746239	90747593	950
90747593	90748668	900
90748668	90751492	950
90751492	90773673	900
90773673	90776230	850
90776230	90803915	900
90803915	90808143	850
90808143	90810776	800
90810776	90815253	850
90815253	90849190	900
90849190	91125074	950
91125074	91125493	900
91125493	91128562	950
91128562	91169821	900
91169821	91187592	850
91187592	91214951	800
91214951	91225622	750
91225622	91230548	700
91230548	91231333	650
91231333	91234350	700
91234350	91242369	650
91242369	91247371	600
91247371	91264649	650
91264649	91284589	600
91284589	91286385	550
91286385	91352592	600
91352592	91356159	650
91356159	91359178	700
91359178	91363234	750
91363234	91363717	800
91363717	91364533	750
91364533	91373070	800
91373070	91383023	850
91383023	91397730	900
91397730	91406140	950
91406140	91406298	900
91406298	91416385	950
91416385	91416600	900
91416600	92049558	950
92049558	92054292	900
92054292	92100365	950
92100365	92107240	900
92107240	92221083	950
92221083	92246496	900
92246496	92316148	950
92316148	92319433	900
92319433	92321192	950
92321192	92329488	900
92329488	92658992	950
92658992	92659184	900
92659184	92659717	950
92659717	92660056	900
92660056	92663596	950
92663596	92675178	900
92675178	92680696	850
92680696	92692101	800
92692101	92695369	850
92695369	92702462	800
92702462	92705321	850
92705321	92715300	900
92715300	92741260	950
92741260	92742461	900
92742461	92744496	950
92744496	92748328	900
92748328	92755117	950
92755117	92760152	900
92760152	92762811	850
92762811	92790510	900
92790510	92791168	850
92791168	92808559	900
92808559	92813304	950
92813304	92819123	900
92819123	92823288	850
92823288	92831796	900
92831796	92942690	950
92942690	92951141	900
92951141	93061414	950
93061414	93063927	900
93063927	93071252	950
93071252	93072508	900
93072508	93114051	950
93114051	93114551	900
93114551	93120575	950
93120575	93121738	900
93121738	93129234	950
93129234	93132362	900
93132362	93136372	950
93136372	93139040	900
93139040	93212003	950
93212003	93235934	900
93235934	93238851	850
93238851	93282302	900
93282302	93314346	950
93314346	93316294	900
93316294	93356661	950
93356661	93370734	900
93370734	93413134	950
93413134	93413431	900
93413431	93417430	950
93417430	93422568	900
93422568	93429028	950
93429028	93431271	900
93431271	93557713	950
93557713	93561332	900
93561332	93572276	950
93572276	93573566	900
93573566	93695075	950
93695075	93715762	900
93715762	93717795	950
93717795	93719665	900
93719665	93720792	950
93720792	93721681	900
93721681	93783183	950
93783183	93787646	900
93787646	93799990	950
93799990	93813516	900
93813516	93816781	850
93816781	93832678	900
93832678	93833956	850
93833956	93838609	900
93838609	93845523	850
93845523	93847402	900
93847402	93849034	850
93849034	93867780	900
93867780	93874679	950
93874679	93880832	900
93880832	93883520	950
93883520	93883893	900
93883893	93909205	950
93909205	93910709	900
93910709	93921771	950
93921771	93928775	900
93928775	93948144	950
93948144	93950808	900
93950808	93952758	950
93952758	93968681	900
93968681	93972049	850
93972049	93974465	900
93974465	93991363	950
93991363	93998410	900
93998410	94014335	850
94014335	94018489	900
94018489	94049591	950
94049591	94062370	900
94062370	94074206	950
94074206	94089090	900
94089090	94101136	950
94101136	94135442	900
94135442	94166183	850
94166183	94181554	800
94181554	94191038	850
94191038	94207362	900
94207362	94217686	950
94217686	94221998	900
94221998	94222515	950
94222515	94233045	900
94233045	94238459	950
94238459	94240713	900
94240713	94245598	950
94245598	94247692	900
94247692	94503098	950
94503098	94506636	900
94506636	94510418	950
94510418	94511431	900
94511431	94514945	950
94514945	94517415	900
94517415	94543487	950
94543487	94546149	900
94546149	94561256	950
94561256	94575076	900
94575076	94576186	950
94576186	94585022	900
94585022	94595681	950
94595681	94600035	900
94600035	94610704	950
94610704	94611171	900
94611171	94611692	950
94611692	94629564	900
94629564	94641810	850
94641810	94643629	900
94643629	94654344	850
94654344	94660306	800
94660306	94664351	850
94664351	94668031	900
94668031	94681596	850
94681596	94682981	800
94682981	94684658	850
94684658	94690197	900
94690197	94690502	950
94690502	94691971	900
94691971	94693549	950
94693549	94694319	900
94694319	94750236	950
94750236	94751348	900
94751348	94793324	950
94793324	94796928	900
94796928	94818514	950
94818514	94818900	900
94818900	94869938	950
94869938	94878741	900
94878741	94924503	950
94924503	94930662	900
94930662	94940380	950
94940380	94945381	900
94945381	94992194	950
94992194	94994214	900
94994214	95033961	950
95033961	95037011	900
95037011	95039697	850
95039697	95044444	900
95044444	95060959	850
95060959	95062406	900
95062406	95143721	950
95143721	95144458	900
95144458	95146008	950
95146008	95149932	900
95149932	95213413	950
95213413	95215911	900
95215911	95226432	950
95226432	95227526	900
95227526	95237460	950
95237460	95241662	900
95241662	95422334	950
95422334	95423017	900
95423017	95655301	950
95655301	95676135	900
95676135	95694832	950
95694832	95696620	900
95696620	95797112	950
95797112	95806268	900
95806268	96076146	950
96076146	96081035	900
96081035	96090636	950
96090636	96093919	900
96093919	96094837	850
96094837	96099698	900
96099698	96160447	950
96160447	96162329	900
96162329	96303112	950
96303112	96309858	900
96309858	96319860	850
96319860	96334743	900
96334743	96336009	950
96336009	96339920	900
96339920	96591638	950
96591638	96592937	900
96592937	97064907	950
97064907	97120089	900
97120089	97120855	950
97120855	97129036	900
97129036	97139924	950
97139924	97186952	900
97186952	97188858	850
97188858	97204738	900
97204738	97205581	850
97205581	97216785	900
97216785	97221716	850
97221716	97224057	900
97224057	97287969	850
97287969	97288382	800
97288382	97298958	850
97298958	97313434	800
97313434	97316966	750
97316966	97318863	700
97318863	97325228	650
97325228	97327567	700
97327567	97335187	750
97335187	97344305	800
97344305	97406222	850
97406222	97452100	900
97452100	97458984	850
97458984	97475058	800
97475058	97482658	750
97482658	97486418	700
97486418	97489849	650
97489849	97547082	700
97547082	97688851	750
97688851	97743815	800
97743815	97746278	850
97746278	97900950	900
97900950	97916621	850
97916621	97983294	800
97983294	98074768	750
98074768	98079256	800
98079256	98095601	850
98095601	98106717	900
98106717	98620400	950
98620400	98621524	900
98621524	98621998	950
98621998	98622278	900
98622278	98690628	950
98690628	98729363	900
98729363	98908058	850
98908058	98921601	800
98921601	98953776	750
98953776	98973733	800
98973733	98976747	850
98976747	98994180	800
98994180	98996275	850
98996275	99008289	900
99008289	99008901	850
99008901	99023246	900
99023246	99024911	950
99024911	99026366	900
99026366	99116376	950
99116376	99118096	900
99118096	99176541	950
99176541	99176944	900
99176944	99191107	950
99191107	99192873	900
99192873	99198068	950
99198068	99238686	900
99238686	99258052	850
99258052	99273393	800
99273393	99276703	850
99276703	99314929	900
99314929	99371999	850
99371999	99376493	800
99376493	99410186	750
99410186	99413326	700
99413326	99427896	750
99427896	99429739	800
99429739	99436325	850
99436325	99523784	900
99523784	99529205	850
99529205	99530983	800
99530983	99531709	750
99531709	99532793	700
99532793	99537690	650
99537690	99545043	700
99545043	99568680	750
99568680	99611764	800
99611764	99612796	850
99612796	99613903	800
99613903	99619994	850
99619994	99662659	800
99662659	99702088	850
99702088	99743794	900
99743794	99746653	950
99746653	99747651	900
99747651	99750134	950
99750134	99750321	900
99750321	99750457	950
99750457	99751522	900
99751522	99756036	950
99756036	99756245	900
99756245	99797624	950
99797624	99798818	900
99798818	99956373	950
99956373	99993884	900
99993884	99998545	850
99998545	100002186	800
100002186	100018929	750
100018929	100042219	700
100042219	100095463	750
100095463	100154188	800
100154188	100181170	750
100181170	100192195	800
100192195	100214304	850
100214304	100270158	900
100270158	100338915	950
