0	15963028	950
136731	176269	900
176269	197794	950
197794	225829	900
225829	229836	850
229836	237933	900
237933	253076	950
253076	253240	900
253240	253681	950
253681	260731	900
260731	300593	950
300593	301130	900
301130	305275	950
305275	319738	900
319738	340315	850
340315	354516	800
354516	365731	750
365731	371473	700
371473	386809	750
386809	396869	800
396869	402866	750
402866	451082	700
451082	478108	750
478108	482191	800
482191	492466	850
492466	515169	900
515169	523201	950
523201	546130	900
546130	576409	950
576409	577833	900
577833	689290	950
689290	701291	900
701291	761788	950
761788	773674	900
773674	774675	850
774675	806103	900
806103	810044	850
810044	826648	900
826648	906244	950
906244	906700	900
906700	964650	950
964650	966158	900
966158	973790	950
973790	993215	900
993215	1046032	850
1046032	1076767	800
1076767	1080200	850
1080200	1103383	800
1103383	1110279	850
1110279	1158302	900
1158302	1196424	850
1196424	1211365	900
1211365	1213972	850
1213972	1222921	800
1222921	1226765	750
1226765	1240001	800
1240001	1293581	850
1293581	1312506	800
1312506	1357131	850
1357131	1381197	800
1381197	1385956	750
1385956	1391643	800
1391643	1403123	850
1403123	1547968	900
1547968	1774023	950
1774023	1795673	900
1795673	1802695	950
1802695	1807252	900
1807252	1812602	950
1812602	1812842	900
1812842	1817734	950
1817734	1818397	900
1818397	1819400	950
1819400	1819845	900
1819845	1823408	950
1823408	1839073	900
1839073	1841555	850
1841555	1850248	900
1850248	1851450	850
1851450	1862955	900
1862955	1893957	850
1893957	1894321	800
1894321	1895471	850
1895471	1896458	800
1896458	1897722	850
1897722	1898118	800
1898118	1899046	850
1899046	1907442	800
1907442	1909500	750
1909500	1913462	800
1913462	1921434	850
1921434	1922546	800
1922546	1934245	850
1934245	1934986	800
1934986	2014346	850
2014346	2015719	800
2015719	2016268	850
2016268	2017266	800
2017266	2023195	850
2023195	2052206	800
2052206	2063470	750
2063470	2084400	800
2084400	2091402	850
2091402	2147297	900
2147297	2152613	950
2152613	2160793	900
2160793	2165732	950
2165732	2166402	900
2166402	2178417	950
2178417	2209861	900
2209861	2248847	850
2248847	2321004	900
2321004	2331589	850
2331589	2385871	800
2385871	2391301	750
2391301	2393120	700
2393120	2401971	750
2401971	2416017	800
2416017	2432899	850
2432899	2449318	900
2449318	2520845	850
2520845	2525408	800
2525408	2540138	750
2540138	2579331	700
2579331	2582267	650
2582267	2589608	600
2589608	2593770	650
2593770	2600997	700
2600997	2605649	750
2605649	2609168	800
2609168	2630911	850
2630911	2657931	800
2657931	2666937	850
2666937	2710060	800
2710060	2717148	750
2717148	2722340	700
2722340	2726950	650
2726950	2749434	700
2749434	2753785	650
2753785	2756254	600
2756254	2759423	550
2759423	2779939	500
2779939	2789395	450
2789395	2794875	400
2794875	2835875	450
2835875	2871597	500
2871597	2898627	450
2898627	2921337	500
2921337	2924840	450
2924840	2927921	500
2927921	2955340	450
2955340	2961847	500
2961847	2970759	550
2970759	2977116	600
2977116	2982465	650
2982465	2987934	700
2987934	2990309	750
2990309	2994950	800
2994950	3029914	850
3029914	3033558	800
3033558	3035350	750
3035350	3037605	700
3037605	3047267	650
3047267	3067105	600
3067105	3074863	550
3074863	3078358	500
3078358	3086571	550
3086571	3093597	600
3093597	3096263	650
3096263	3102410	700
3102410	3118423	650
3118423	3125608	600
3125608	3130239	650
3130239	3156063	600
3156063	3163577	550
3163577	3171652	500
3171652	3179691	450
3179691	3185137	400
3185137	3269604	350
3269604	3271154	400
3271154	3325683	450
3325683	3345947	500
3345947	3361968	550
3361968	3435748	600
3435748	3486776	550
3486776	3507867	500
3507867	3535170	550
3535170	3548911	600
3548911	3568946	550
3568946	3580436	500
3580436	3590406	550
3590406	3592904	600
3592904	3601314	650
3601314	3605805	700
3605805	3610412	750
3610412	3616083	700
3616083	3618816	650
3618816	3627396	600
3627396	3635438	650
3635438	3677684	700
3677684	3681033	650
3681033	3684797	700
3684797	3693025	750
3693025	3696497	800
3696497	3705576	750
3705576	3716830	700
3716830	3733926	750
3733926	3764920	800
3764920	3789459	850
3789459	3790544	800
3790544	3790982	750
3790982	3816705	700
3816705	3869849	650
3869849	3929011	700
3929011	3934226	750
3934226	3938182	700
3938182	3949102	750
3949102	3964784	800
3964784	4001586	850
4001586	4052709	900
4052709	4063625	950
4063625	4105985	900
4105985	4106592	850
4106592	4106905	900
4106905	4113712	850
4113712	4129201	900
4129201	4184225	950
4184225	4186730	900
4186730	4602515	950
4602515	4626161	900
4626161	4630341	850
4630341	4714241	900
4714241	4726517	850
4726517	4776975	900
4776975	4780727	850
4780727	4786342	800
4786342	4820827	850
4820827	4879545	900
4879545	4988934	950
4988934	5054092	900
5054092	5054316	950
5054316	5055783	900
5055783	5066454	950
5066454	5069229	900
5069229	5160506	850
5160506	5162759	900
5162759	5216100	950
5216100	5227299	900
5227299	5228573	850
5228573	5248509	900
5248509	5423777	950
5423777	5439859	900
5439859	5460458	850
5460458	5467542	800
5467542	5471080	750
5471080	5473303	700
5473303	5482068	650
5482068	5521183	600
5521183	5527454	650
5527454	5531382	700
5531382	5533928	750
5533928	5539067	800
5539067	5555573	850
5555573	5581147	900
5581147	5761351	950
5761351	5775722	900
5775722	5777260	950
5777260	5789808	900
5789808	5796575	850
5796575	5810579	900
5810579	5811360	850
5811360	5811794	900
5811794	5821153	850
5821153	5839004	800
5839004	5848264	750
5848264	5863297	700
5863297	5865612	650
5865612	5923722	600
5923722	5947295	650
5947295	5973604	600
5973604	5982199	650
5982199	5986394	700
5986394	5997877	750
5997877	6002551	800
6002551	6006666	750
6006666	6049226	800
6049226	6055241	850
6055241	6070896	900
6070896	6089105	950
6089105	6112550	900
6112550	6148275	950
6148275	6156910	900
6156910	6158203	850
6158203	6166017	900
6166017	6167939	850
6167939	6195992	900
6195992	6198518	950
6198518	6213576	900
6213576	6224046	950
6224046	6236245	900
6236245	6297516	950
6297516	6304185	900
6304185	6312882	950
6312882	6313935	900
6313935	6315923	950
6315923	6317816	900
6317816	6345549	950
6345549	6346335	900
6346335	6366118	950
6366118	6372678	900
6372678	6380278	950
6380278	6383931	900
6383931	6408699	950
6408699	6410133	900
6410133	6420474	950
6420474	6444020	900
6444020	6448933	850
6448933	6477174	900
6477174	6482522	950
6482522	6510297	900
6510297	6518502	950
6518502	6528419	900
6528419	6564527	950
6564527	6567274	900
6567274	6569113	950
6569113	6583853	900
6583853	6612030	950
6612030	6612770	900
6612770	6615697	950
6615697	6616018	900
6616018	6644251	950
6644251	6644712	900
6644712	6673008	950
6673008	6677158	900
6677158	6691826	950
6691826	6698998	900
6698998	6701285	850
6701285	6702605	900
6702605	6706438	850
6706438	6709107	800
6709107	6712095	850
6712095	6712634	900
6712634	6712793	850
6712793	6741093	900
6741093	6742899	950
6742899	6743286	900
6743286	6748385	950
6748385	6750202	900
6750202	6756605	950
6756605	6758080	900
6758080	6796865	950
6796865	6800314	900
6800314	6843668	950
6843668	6844767	900
6844767	6854102	950
6854102	6854549	900
6854549	6865960	950
6865960	6874582	900
6874582	6900601	950
6900601	6907989	900
6907989	6941609	950
6941609	6948254	900
6948254	6952879	950
6952879	6956833	900
6956833	7052279	950
7052279	7101084	900
7101084	7120059	850
7120059	7126450	900
7126450	7250522	950
7250522	7262025	900
7262025	7277646	850
7277646	7293367	800
7293367	7302523	850
7302523	7304515	900
7304515	7336045	950
7336045	7338777	900
7338777	7425462	950
7425462	7426191	900
7426191	7429483	950
7429483	7432694	900
7432694	7500250	950
7500250	7502217	900
7502217	7507185	950
7507185	7530605	900
7530605	7580940	950
7580940	7604296	900
7604296	7615389	950
7615389	7632140	900
7632140	7633277	850
7633277	7647839	900
7647839	7660155	950
7660155	7664454	900
7664454	7666352	850
7666352	7679700	900
7679700	7705302	850
7705302	7720004	900
7720004	7752954	850
7752954	7796245	800
7796245	7798692	850
7798692	7822552	800
7822552	7824801	850
7824801	7829996	900
7829996	7832747	950
7832747	7854608	900
7854608	7856560	850
7856560	7861867	900
7861867	7870444	850
7870444	7901573	900
7901573	7905334	950
7905334	7908220	900
7908220	7908719	850
7908719	7908829	800
7908829	7927456	750
7927456	7947374	800
7947374	7973241	850
7973241	7993088	900
7993088	8006226	950
8006226	8027299	900
8027299	8042353	950
8042353	8047458	900
8047458	8052959	950
8052959	8056728	900
8056728	8062520	950
8062520	8062744	900
8062744	8073140	950
8073140	8080101	900
8080101	8080876	850
8080876	8090315	900
8090315	8091892	850
8091892	8123092	900
8123092	8137170	950
8137170	8145585	900
8145585	8150936	950
8150936	8153772	900
8153772	8177042	950
8177042	8186435	900
8186435	8214803	950
8214803	8220029	900
8220029	8232144	950
8232144	8232692	900
8232692	8249751	950
8249751	8250462	900
8250462	8259318	950
8259318	8261181	900
8261181	8272337	950
8272337	8276991	900
8276991	8284654	950
8284654	8320630	900
8320630	8328554	950
8328554	8328957	900
8328957	8369942	950
8369942	8370683	900
8370683	8376527	950
8376527	8377879	900
8377879	8401935	950
8401935	8402531	900
8402531	8417455	950
8417455	8418707	900
8418707	8494442	950
8494442	8495848	900
8495848	8512389	950
8512389	8512770	900
8512770	8514312	950
8514312	8519374	900
8519374	8528315	950
8528315	8552499	900
8552499	8588551	850
8588551	8592467	900
8592467	8605727	850
8605727	8614665	900
8614665	8629852	850
8629852	8647479	800
8647479	8647732	850
8647732	8655153	900
8655153	8655895	850
8655895	8686675	800
8686675	8697512	750
8697512	8721184	800
8721184	8739057	850
8739057	8755987	900
8755987	8762119	850
8762119	8768130	900
8768130	8771990	850
8771990	8782224	900
8782224	8784656	850
8784656	8786395	900
8786395	8800932	850
8800932	8807971	800
8807971	8809981	750
8809981	8813919	700
8813919	8816068	750
8816068	8821886	800
8821886	8835614	850
8835614	8867017	900
8867017	8870135	950
8870135	8870482	900
8870482	8874475	950
8874475	8900847	900
8900847	8911798	950
8911798	8913992	900
8913992	8940001	950
8940001	8940178	900
8940178	8998734	950
8998734	9000095	900
9000095	9001358	950
9001358	9007176	900
9007176	9025972	850
9025972	9040029	900
9040029	9043142	850
9043142	9047855	900
9047855	9048948	850
9048948	9075648	900
9075648	9085418	950
9085418	9102305	900
9102305	9114088	950
9114088	9124424	900
9124424	9132404	850
9132404	9154499	900
9154499	9165101	950
9165101	9165462	900
9165462	9184893	950
9184893	9186275	900
9186275	9189317	950
9189317	9190877	900
9190877	9197635	950
9197635	9210237	900
9210237	9223919	850
9223919	9226793	900
9226793	9230370	950
9230370	9230882	900
9230882	9232925	950
9232925	9249883	900
9249883	9263201	850
9263201	9287679	800
9287679	9301233	750
9301233	9331363	800
9331363	9336036	850
9336036	9338378	800
9338378	9397701	850
9397701	9404142	800
9404142	9408403	750
9408403	9408734	700
9408734	9410304	750
9410304	9417246	800
9417246	9442056	850
9442056	9445166	800
9445166	9446727	850
9446727	9448259	800
9448259	9449793	750
9449793	9456702	700
9456702	9464327	650
9464327	9474168	600
9474168	9506924	650
9506924	9507440	700
9507440	9508236	650
9508236	9508412	700
9508412	9509440	650
9509440	9513636	700
9513636	9519880	750
9519880	9534304	800
9534304	9540061	850
9540061	9590278	900
9590278	9590365	850
9590365	9591865	900
9591865	9592897	850
9592897	9601699	900
9601699	9602559	850
9602559	9616075	900
9616075	9620375	850
9620375	9646295	900
9646295	9648553	850
9648553	9710381	900
9710381	9717598	950
9717598	9719053	900
9719053	9743719	950
9743719	9755748	900
9755748	9763766	950
9763766	9766107	900
9766107	9767507	850
9767507	9819999	900
9819999	9903322	950
9903322	9934934	900
9934934	9961126	850
9961126	9964782	800
9964782	9967392	750
9967392	9983944	700
9983944	9989164	750
9989164	9990811	800
9990811	9993240	850
9993240	9995498	900
9995498	9996392	950
9996392	10010660	900
10010660	10012660	950
10012660	10020619	900
10020619	10033319	950
10033319	10034775	900
10034775	10062778	950
10062778	10063339	900
10063339	10084162	950
10084162	10084666	900
10084666	10086098	950
10086098	10086557	900
10086557	10095372	950
10095372	10096896	900
10096896	10101042	950
10101042	10101553	900
10101553	10101987	950
10101987	10102441	900
10102441	10105152	950
10105152	10148183	900
10148183	10166557	850
10166557	10192623	900
10192623	10192887	850
10192887	10195944	900
10195944	10203713	850
10203713	10206146	800
10206146	10212643	750
10212643	10226967	700
10226967	10227061	750
10227061	10227541	800
10227541	10238430	850
10238430	10241634	900
10241634	10244366	850
10244366	10278178	900
10278178	10295330	850
10295330	10306764	800
10306764	10308840	850
10308840	10318074	800
10318074	10321257	750
10321257	10329756	700
10329756	10349823	650
10349823	10354317	700
10354317	10354779	750
10354779	10356431	800
10356431	10375859	850
10375859	10399771	800
10399771	10401092	850
10401092	10402892	900
10402892	10408327	850
10408327	10413774	800
10413774	10423911	750
10423911	10428469	800
10428469	10433522	750
10433522	10435905	700
10435905	10438140	750
10438140	10458067	700
10458067	10463839	650
10463839	10489888	600
10489888	10505913	650
10505913	10519669	700
10519669	10526614	650
10526614	10547691	600
10547691	10550260	550
10550260	10550283	600
10550283	10551963	550
10551963	10553907	600
10553907	10559588	550
10559588	10559736	600
10559736	10560671	550
10560671	10561270	600
10561270	10567547	550
10567547	10567767	600
10567767	10567815	550
10567815	10570128	600
10570128	10572139	650
10572139	10574037	700
10574037	10578521	750
10578521	10583642	800
10583642	10584464	850
10584464	10584800	800
10584800	10601117	850
10601117	10601299	800
10601299	10601684	850
10601684	10601713	800
10601713	10617764	850
10617764	10622996	800
10622996	10631256	850
10631256	10634699	800
10634699	10649745	750
10649745	10652462	800
10652462	10655098	850
10655098	10671206	900
10671206	10680473	950
10680473	10681165	900
10681165	10681561	950
10681561	10681846	900
10681846	10682469	950
10682469	10684525	900
10684525	10689289	950
10689289	10696629	900
10696629	10699676	850
10699676	10716826	900
10716826	10724117	950
10724117	10729219	900
10729219	10730065	850
10730065	10731557	900
10731557	10742487	850
10742487	10772207	900
10772207	10782494	950
10782494	10783222	900
10783222	10787050	950
10787050	10801866	900
10801866	10802529	850
10802529	10804233	900
10804233	10831598	850
10831598	10840637	900
10840637	10881861	950
10881861	10883742	900
10883742	10905041	950
10905041	10942681	900
10942681	10970923	950
10970923	10974412	900
10974412	10988012	850
10988012	10989722	800
10989722	10996204	850
10996204	11000432	900
11000432	11001981	950
11001981	11002311	900
11002311	11046156	950
11046156	11054561	900
11054561	11069531	850
11069531	11077109	900
11077109	11101976	950
11101976	11111033	900
11111033	11120673	950
11120673	11133581	900
11133581	11146320	850
11146320	11158987	900
11158987	11174929	850
11174929	11178109	800
11178109	11182207	850
11182207	11187366	900
11187366	11194733	950
11194733	11196737	900
11196737	11233803	950
11233803	11235195	900
11235195	11238474	950
11238474	11241986	900
11241986	11250643	950
11250643	11310478	900
11310478	11357150	950
11357150	11360463	900
11360463	11361288	950
11361288	11365833	900
11365833	11395216	850
11395216	11422052	900
11422052	11430415	850
11430415	11449235	900
11449235	11463823	950
11463823	11468273	900
11468273	11511649	950
11511649	11512771	900
11512771	11517465	950
11517465	11517958	900
11517958	11559224	950
11559224	11560972	900
11560972	11574570	950
11574570	11580525	900
11580525	11585833	950
11585833	11595992	950
11589087	11604467	950
11604467	11608203	900
11608203	11611739	950
11611739	11640401	900
11640401	11683225	850
11683225	11735851	900
11735851	11737488	850
11737488	11738950	800
11738950	11754705	750
11754705	11759145	800
11759145	11794253	750
11794253	11797885	700
11797885	11815415	650
11815415	11827330	600
11827330	11837646	550
11837646	11846301	500
11846301	11854770	450
11854770	11858338	500
11858338	11864041	550
11864041	11874290	600
11874290	11880527	650
11880527	11881660	700
11881660	11883201	750
11883201	11886365	800
11886365	11894175	850
11894175	11894716	800
11894716	11913359	850
11913359	11916916	900
11916916	11917937	850
11917937	11920519	900
11920519	11927550	850
11927550	11953014	900
11953014	11955567	950
11955567	11955568	900
11955568	11983472	950
11983472	11985000	900
11985000	11996241	950
11996241	11998077	900
11998077	12006428	950
12006428	12007850	900
12007850	12016949	950
12016949	12017980	900
12017980	12023241	950
12023241	12024348	900
12024348	12036459	950
12036459	12071969	900
12071969	12089995	950
12089995	12096397	900
12096397	12137914	950
12137914	12148046	900
12148046	12234330	950
12234330	12234730	900
12234730	12312188	950
12312188	12318678	900
12318678	12326798	950
12326798	12330160	900
12330160	12334495	950
12334495	12336706	900
12336706	12341054	950
12341054	12367049	900
12367049	12749434	950
12749434	12758926	900
12758926	12929494	950
12929494	13033674	900
13033674	13043541	850
13043541	13044746	800
13044746	13047296	850
13047296	13048337	800
13048337	13049562	850
13049562	13050167	800
13050167	13054718	850
13054718	13067321	800
13067321	13075312	750
13075312	13079848	700
13079848	13100487	750
13100487	13109935	800
13109935	13149599	850
13149599	13156332	900
13156332	13159849	950
13159849	13176245	900
13176245	13176751	850
13176751	13184236	900
13184236	13188390	950
13188390	13189795	900
13189795	13190366	950
13190366	13193767	900
13193767	13194889	950
13194889	13195033	900
13195033	13203651	950
13203651	13203878	900
13203878	13205074	950
13205074	13209883	900
13209883	13211238	950
13211238	13226962	900
13226962	13230124	850
13230124	13248252	900
13248252	13283641	850
13283641	13285637	800
13285637	13293310	850
13293310	13314871	800
13314871	13316344	750
13316344	13342176	700
13342176	13359668	650
13359668	13411179	700
13411179	13464328	650
13464328	13499467	700
13499467	13522174	750
13522174	13526038	800
13526038	13540590	750
13540590	13555465	700
13555465	13583408	750
13583408	13609523	800
13609523	13624436	850
13624436	13634699	900
13634699	13637306	850
13637306	13638307	800
13638307	13639196	750
13639196	13639873	700
13639873	13751770	650
13751770	13769165	700
13769165	13777774	650
13777774	13821093	600
13821093	13836036	650
13836036	13850637	700
13850637	13850832	750
13850832	13851347	700
13851347	13916815	750
13916815	13935617	700
13935617	14003804	750
14003804	14013248	800
14013248	14051777	750
14051777	14070418	800
14070418	14072632	750
14072632	14079487	800
14079487	14152145	750
14152145	14180315	700
14180315	14181126	650
14181126	14181267	700
14181267	14193862	650
14193862	14226530	600
14226530	14239159	550
14239159	14246938	500
14246938	14252466	450
14252466	14266854	400
14266854	14272156	450
14272156	14277000	500
14277000	14283780	550
14283780	14293114	600
14293114	14298578	650
14298578	14300035	700
14300035	14303726	750
14303726	14303980	800
14303980	14304245	750
14304245	14312135	800
14312135	14315228	750
14315228	14334819	800
14334819	14336985	750
14336985	14387875	800
14387875	14431051	850
14431051	14449255	800
14449255	14457754	850
14457754	14464954	900
14464954	14466180	850
14466180	14468296	900
14468296	14470138	850
14470138	14472563	900
14472563	14503195	850
14503195	14510909	800
14510909	14585131	850
14585131	14586324	800
14586324	14620017	850
14620017	14622132	800
14622132	14641135	850
14641135	14654605	900
14654605	14679541	850
14679541	14682610	900
14682610	14705836	850
14705836	14734551	800
14734551	14744282	850
14744282	14760507	800
14760507	14761195	850
14761195	14767176	800
14767176	14776978	750
14776978	14786532	800
14786532	14789544	850
14789544	14808046	900
14808046	14812588	850
14812588	14858238	900
14858238	14870676	950
14870676	14872656	900
14872656	14879194	950
14879194	14899089	900
14899089	14920541	950
14920541	14923143	900
14923143	14932675	950
14932675	14943402	900
14943402	15020006	950
15020006	15021146	900
15021146	15024459	950
15024459	15055994	900
15055994	15061954	950
15061954	15081500	900
15081500	15114188	950
15114188	15115219	900
15115219	15115725	950
15115725	15131943	900
15131943	15133598	850
15133598	15145566	900
15145566	15165887	850
15165887	15172316	900
15172316	15225309	950
15225309	15228542	900
15228542	15250510	950
15250510	15279164	900
15279164	15341323	950
15341323	15341940	900
15341940	15344390	950
15344390	15346073	900
15346073	15347396	950
15347396	15350435	900
15350435	15368031	950
15368031	15371880	900
15371880	15416305	950
15416305	15434075	900
15434075	15470989	950
15470989	15477742	900
15477742	15583971	950
15583971	15584557	900
15584557	15722653	950
15722653	15725798	900
15725798	15734159	950
15734159	15735821	900
15735821	15760466	950
15760466	15760788	900
15760788	15761610	950
15761610	15762530	900
15762530	15763683	950
15763683	15841443	900
15841443	15843716	850
15843716	15845092	900
15845092	15847560	850
15847560	15851829	900
15851829	15865933	850
15865933	15905219	900
15905219	15914604	950
15914604	15920113	900
15920113	15929616	950
15929616	15930426	900
15930426	15933568	950
15933568	15937035	900
15937035	15938009	950
15938009	15957859	900
15957859	15960562	950
15960562	15976765	900
15976765	15979058	850
15979058	15982622	800
15982622	15987334	850
15987334	16004860	900
16004860	16028969	950
16028969	16029395	900
16029395	16035476	950
16035476	16036734	900
16036734	16107054	950
16107054	16107864	900
16107864	16122104	950
16122104	16123425	900
16123425	16125983	950
16125983	16127711	900
16127711	16128884	950
16128884	16146537	900
16146537	16157415	850
16157415	16167310	800
16167310	16174882	850
16174882	16175405	800
16175405	16189940	850
16189940	16197619	800
16197619	16208184	750
16208184	16218331	800
16218331	16221426	750
16221426	16231216	800
16231216	16282935	750
16282935	16285630	700
16285630	16288074	650
16288074	16296641	600
16296641	16298751	550
16298751	16310363	600
16310363	16315183	650
16315183	16322765	700
16322765	16343658	750
16343658	16355427	800
16355427	16355909	750
16355909	16397355	800
16397355	16401804	850
16401804	16402793	800
16402793	16412360	850
16412360	16416264	800
16416264	16420659	750
16420659	16426953	700
16426953	16450285	650
16450285	16454467	700
16454467	16454838	750
16454838	16455966	800
16455966	16461057	850
16461057	16497804	900
16497804	16509825	850
16509825	16518061	900
16518061	16518255	850
16518255	16610240	900
16610240	16613302	950
16613302	16652348	900
16652348	16664646	850
16664646	16669904	800
16669904	16670325	850
16670325	16681583	900
16681583	16897082	950
16897082	16902590	900
16902590	16909116	950
16909116	16909484	900
16909484	16935263	950
16935263	16941583	900
16941583	16951416	850
16951416	16980516	900
16980516	16989880	950
16989880	17005864	900
17005864	17020232	850
17020232	17143879	900
17143879	17147770	850
17147770	17155814	900
17155814	17156021	850
17156021	17188659	900
17188659	17191574	850
17191574	17234715	900
17234715	17261472	850
17261472	17271572	900
17271572	17296602	850
17296602	17321508	800
17321508	17324564	850
17324564	17326924	800
17326924	17330279	850
17330279	17335987	800
17335987	17338246	850
17338246	17338968	800
17338968	17345572	850
17345572	17350454	800
17350454	17351199	850
17351199	17351577	800
17351577	17362337	850
17362337	17375806	800
17375806	17376099	850
17376099	17378734	800
17378734	17379563	850
17379563	17385127	800
17385127	17402349	850
17402349	17423615	800
17423615	17435177	850
17435177	17495585	900
17495585	17499935	850
17499935	17546482	800
17546482	17584008	850
17584008	17602653	900
17602653	17604913	850
17604913	17606574	900
17606574	17609431	850
17609431	17682261	900
17682261	17729806	950
17729806	17730088	900
17730088	17847357	950
17847357	17856305	900
17856305	17857308	850
17857308	17861635	800
17861635	17928285	750
17928285	17940611	800
17940611	17960240	850
17960240	18048331	900
18048331	18069696	850
18069696	18082870	800
18082870	18108964	750
18108964	18117666	700
18117666	18134601	750
18134601	18155371	800
18155371	18169203	850
18169203	18232544	800
18232544	18240875	750
18240875	18248623	700
18248623	18281641	750
18281641	18292958	800
18292958	18310483	750
18310483	18319303	700
18319303	18373884	650
18373884	18393744	600
18393744	18429505	550
18429505	18494138	500
18494138	18505745	550
18505745	18614824	600
18614824	18693158	650
18693158	18700911	700
18700911	18708426	750
18708426	18744596	800
18744596	18747685	850
18747685	18847995	900
18847995	18853346	950
18853346	18859556	900
18859556	18890473	950
18890473	18893014	900
18893014	19146949	950
19146949	19147821	900
19147821	19158152	950
19158152	19180024	900
19180024	19210554	950
19210554	19306874	900
19306874	19351781	950
19351781	19352462	900
19352462	19379373	950
19379373	19386880	900
19386880	19420825	950
19420825	19520319	900
19520319	19535749	950
19535749	19557931	900
19557931	19562434	950
19562434	19576420	900
19576420	19578544	850
19578544	19580694	900
19580694	19592547	850
19592547	19593431	800
19593431	19597948	850
19597948	19645265	800
19645265	19652150	750
19652150	19655925	800
19655925	19657238	850
19657238	19661951	900
19661951	19687229	950
19687229	19689220	900
19689220	19735897	950
19735897	19737244	900
19737244	19778088	950
19778088	19778824	900
19778824	19809502	950
19809502	19824492	900
19824492	19839609	950
19839609	19885597	900
19885597	19927377	850
19927377	19929258	800
19929258	19931194	750
19931194	19936271	800
19936271	19942277	750
19942277	19947623	700
19947623	19960658	650
19960658	19973776	600
19973776	19978877	650
19978877	19986486	700
19986486	20004688	750
20004688	20024854	800
20024854	20025606	750
20025606	20094690	800
20094690	20098677	750
20098677	20122130	800
20122130	20126733	750
20126733	20170813	700
20170813	20183495	750
20183495	20192305	800
20192305	20295787	850
20295787	20299143	800
20299143	20299392	750
20299392	20318626	800
20318626	20319266	750
20319266	20326997	800
20326997	20331182	850
20331182	20336181	800
20336181	20336857	750
20336857	20344626	700
20344626	20352431	750
20352431	20353172	700
20353172	20359413	750
20359413	20364386	700
20364386	20368312	650
20368312	20377145	600
20377145	20390688	550
20390688	20405687	500
20405687	20406445	550
20406445	20418146	500
20418146	20423324	450
20423324	20490221	400
20490221	20494180	450
20494180	20504342	400
20504342	20506413	450
20506413	20535770	400
20535770	20629479	450
20629479	20664886	500
20664886	20671662	550
20671662	20685055	600
20685055	20686874	650
20686874	20703760	700
20703760	20727886	750
20727886	20755425	800
20755425	20763300	850
20763300	20765581	900
20765581	20768569	850
20768569	20774958	900
20774958	20781376	850
20781376	20787656	900
20787656	20791285	850
20791285	20799825	900
20799825	20837083	850
20837083	20847617	900
20847617	20861009	850
20861009	20862749	800
20862749	20882726	850
20882726	20899656	800
20899656	20902610	850
20902610	20912406	900
20912406	20913797	850
20913797	20918174	900
20918174	20926804	850
20926804	20928195	900
20928195	20928934	850
20928934	20936510	900
20936510	20972919	850
20972919	20976553	800
20976553	20978204	850
20978204	21014978	800
21014978	21019046	750
21019046	21021496	700
21021496	21025337	750
21025337	21032800	700
21032800	21037164	750
21037164	21039055	800
21039055	21043000	750
21043000	21050828	700
21050828	21072133	650
21072133	21085175	600
21085175	21112994	650
21112994	21142936	600
21142936	21147978	550
21147978	21168311	600
21168311	21178568	650
21178568	21180243	700
21180243	21184034	750
21184034	21189555	700
21189555	21194579	650
21194579	21221053	600
21221053	21240824	550
21240824	21249005	500
21249005	21260553	450
21260553	21323967	400
21323967	21324959	450
21324959	21327336	500
21327336	21332794	550
21332794	21389771	600
21389771	21409574	650
21409574	21431186	700
21431186	21440653	650
21440653	21441683	600
21441683	21442131	650
21442131	21442153	600
21442153	21442935	650
21442935	21442964	600
21442964	21459090	650
21459090	21470865	700
21470865	21474335	750
21474335	21500087	800
21500087	21504488	850
21504488	21551633	800
21551633	21608942	850
21608942	21613214	800
21613214	21625645	850
21625645	21626521	800
21626521	21631171	850
21631171	21647802	800
21647802	21648383	750
21648383	21655630	800
21655630	21763181	850
21763181	21787440	800
21787440	21871772	750
21871772	21883483	700
21883483	21924441	750
21924441	21933623	800
21933623	21987381	850
21987381	22037022	800
22037022	22071917	850
22071917	22084995	800
22084995	22088576	850
22088576	22100185	800
22100185	22155817	850
22155817	22158967	900
22158967	22161827	850
22161827	22180222	900
22180222	22198581	850
22198581	22328807	900
22328807	22330736	850
22330736	22333398	800
22333398	22346221	850
22346221	22358517	900
22358517	22358945	850
22358945	22377028	900
22377028	22380030	850
22380030	22383094	800
22383094	22406408	850
22406408	22417291	900
22417291	22420832	850
22420832	22446872	900
22446872	22452301	850
22452301	22465431	800
22465431	22481264	750
22481264	22487280	700
22487280	22513809	650
22513809	22521716	700
22521716	22522385	750
22522385	22523607	800
22523607	22527851	850
22527851	22550000	800
22550000	22609160	850
22609160	22939625	900
22939625	22977369	850
22977369	22978348	800
22978348	22995375	850
22995375	23017885	800
23017885	23049967	850
23049967	23234704	900
23234704	23258655	850
23258655	23260560	800
23260560	23268214	750
23268214	23277003	700
23277003	23286962	650
23286962	23351329	600
23351329	23355788	650
23355788	23376215	700
23376215	23385047	750
23385047	23425802	800
23425802	23513904	850
23513904	23607596	900
23607596	24468342	950
24468342	24477253	900
24477253	24483392	950
24483392	24592453	900
24592453	24599788	850
24599788	24731697	900
24731697	24744972	850
24744972	24840303	800
24840303	24850845	750
24850845	24885914	700
24885914	24919283	650
24919283	24953476	700
24953476	24960709	750
24960709	24968288	800
24968288	24972402	850
24972402	24997280	800
24997280	25014690	750
25014690	25056136	800
25056136	25063334	750
25063334	25069167	800
25069167	25096767	750
25096767	25116648	800
25116648	25125489	750
25125489	25131549	700
25131549	25170166	650
25170166	25325068	600
25325068	25473862	550
25473862	25550747	600
25550747	25586686	650
25586686	25662141	700
25662141	25708849	750
25708849	25869129	800
25869129	25939004	850
25939004	25994567	900
25994567	27322485	950
27322485	27804804	900
27804804	27945887	850
27945887	28008986	800
28008986	28097401	750
28097401	28659018	700
28659018	29353149	650
29353149	29374557	600
29374557	29378620	650
29378620	29502501	600
29502501	29534629	550
29534629	29555499	500
29555499	29649129	450
29649129	29663299	400
29663299	29705649	450
29705649	29717506	400
29717506	29719454	350
29719454	29745819	300
29745819	29773163	250
29773163	29875343	300
29875343	29896595	350
29896595	29899828	400
29899828	29900930	450
29900930	29903055	500
29903055	29906856	550
29906856	29934072	600
29934072	29982241	650
29982241	29990225	700
29990225	30016187	650
30016187	30023351	600
30023351	30027047	650
30027047	30038884	700
30038884	30041708	650
30041708	30045020	600
30045020	30091427	550
30091427	30106403	600
30106403	30108236	550
30108236	30111219	500
30111219	30115219	450
30115219	30122231	400
30122231	30130895	350
30130895	30149532	300
30149532	30159001	250
30159001	30180020	200
30180020	30239864	150
30293633	30404132	150
30420911	30482066	150
30482066	30489897	100
30489897	30502397	150
30502397	30506411	200
30506411	30506750	250
30506750	30507255	300
30507255	30507892	350
30507892	30508756	400
30508756	30509871	450
30509871	30511437	500
30511437	30554820	550
30554820	30570109	600
30570109	30597129	550
30597129	30623651	600
30623651	30652390	650
30652390	30708365	700
30708365	30793307	650
30793307	30809032	600
30809032	30826567	550
30826567	30911011	500
30911011	30920637	550
30920637	30944587	600
30944587	30966178	650
30966178	30968016	700
30968016	30968599	650
30968599	30968779	700
30968779	30969110	650
30969110	31045797	700
31045797	31047121	650
31047121	31080550	700
31080550	31081687	650
31081687	31081891	700
31081891	31160246	650
31160246	31163009	700
31163009	31185317	750
31185317	31216220	700
31216220	31267196	650
31267196	31287466	600
31287466	31293573	550
31293573	31314621	600
31314621	31331203	650
31331203	31353705	600
31353705	31376951	650
31376951	31379459	600
31379459	31400717	550
31400717	31415089	500
31415089	31464631	450
31464631	31466440	500
31466440	31481949	450
31481949	31516908	500
31516908	31517662	450
31517662	31525070	500
31525070	31549359	450
31549359	31614237	400
31614237	31682269	350
31682269	31729467	300
31729467	31736863	350
31736863	31756906	400
31756906	31815216	450
31815216	31838671	500
31838671	31871999	550
31871999	31912437	500
31912437	31945814	550
31945814	31948040	500
31948040	31949223	450
31949223	31979220	400
31979220	32003087	350
32003087	32068802	300
32068802	32129308	250
32129308	32245442	300
32245442	32246527	250
32246527	32282179	300
32282179	32365511	250
32365511	32370447	200
32370447	32376974	150
32376974	32557648	100
32565323	32674496	100
32824776	32996052	50
32996052	33013350	100
33013350	33105790	50
33105790	33144692	100
33144692	33200920	150
33200920	33255432	200
33255432	33351487	250
33351487	33363864	200
33363864	33515066	150
33515066	33569544	100
33569544	33665698	150
33665698	33866492	100
33866492	34023959	150
34023959	34026533	200
34026533	34060202	250
34060202	34105005	300
34105005	34121819	350
34121819	34181694	300
34181694	34183673	350
34183673	34255956	300
34255956	34288899	250
34288899	34294203	300
34294203	34297533	350
34297533	34302494	400
34302494	34311457	450
34311457	34319824	500
34319824	34320015	550
34320015	34320656	500
34320656	34360959	550
34360959	34488250	600
34488250	34492755	550
34492755	34501418	500
34501418	34537117	450
34537117	34555613	400
34555613	34577736	350
34577736	34579913	400
34579913	34596177	350
34596177	34647678	400
34647678	34679914	350
34679914	34715874	400
34715874	34717516	350
34717516	34748176	400
34748176	34753470	350
34753470	34761143	400
34761143	34845724	350
34845724	34855815	300
34855815	34870431	350
34870431	34880507	400
34880507	34892197	450
34892197	34923667	500
34923667	34934109	550
34934109	34948011	500
34948011	35016579	450
35016579	35037266	500
35037266	35056924	450
35056924	35063672	400
35063672	35256885	350
35256885	35303082	300
35303082	35303443	350
35303443	35304238	400
35304238	35305920	450
35305920	35309406	500
35309406	35320667	550
35320667	35328014	600
35328014	35406234	650
35406234	35426569	700
35426569	35437221	750
35437221	35455917	700
35455917	35468009	650
35468009	35479979	700
35479979	35516371	750
35516371	35531033	700
35531033	35536188	650
35536188	35538853	600
35538853	35550821	550
35550821	35575608	500
35575608	35590064	450
35590064	35598486	500
35598486	35607986	550
35607986	35614550	600
35614550	35630189	650
35630189	35635219	700
35635219	35729644	750
35729644	35753542	700
35753542	35754645	650
35754645	35757843	600
35757843	35772176	550
35772176	35817635	500
35817635	35843245	550
35843245	35864128	600
35864128	35920488	550
35920488	35939088	600
35939088	35946327	650
35946327	35960748	700
35960748	36018576	750
36018576	36021224	700
36021224	36022782	650
36022782	36028893	600
36028893	36034403	550
36034403	36040346	500
36040346	36044060	450
36044060	36046180	400
36046180	36095133	350
36095133	36119055	300
36119055	36131070	350
36131070	36153870	400
36153870	36158056	450
36158056	36168229	500
36168229	36168713	550
36168713	36169566	600
36169566	36171028	650
36171028	36174566	700
36174566	36180261	750
36180261	36210194	700
36210194	36210739	800
36262819	36271257	700
36271257	36291123	650
36291123	36299763	700
36299763	36304238	650
36304238	36309247	700
36309247	36314650	750
36314650	36326806	800
36326806	36389176	850
36389176	36413074	800
36413074	36442108	750
36442108	36449959	800
36449959	36452539	750
36452539	36453839	700
36453839	36459590	650
36459590	36473818	600
36473818	36491989	550
36491989	36519343	500
36519343	36537812	450
36537812	36566859	400
36566859	36578720	350
36578720	36622375	300
36622375	36642343	350
36642343	36643247	400
36643247	36644546	450
36644546	36646464	500
36646464	36649262	550
36649262	36653746	600
36653746	36660174	650
36660174	36665332	700
36665332	36677603	750
36677603	36812142	800
36812142	36886627	750
36886627	36894996	700
36894996	36919206	750
36919206	36945228	800
36945228	36945811	750
36945811	36946051	800
36946051	36955340	750
36955340	36958409	700
36958409	36959963	650
36959963	36960820	600
36960820	36964735	550
36964735	36975196	500
36975196	37021437	450
37021437	37033022	500
37033022	37080791	450
37080791	37098344	500
37098344	37101298	550
37101298	37118771	600
37118771	37124643	650
37124643	37138948	700
37138948	37192094	750
37192094	37201068	700
37201068	37204347	750
37204347	37205626	700
37205626	37210692	750
37210692	37239208	700
37239208	37282032	750
37282032	37308237	800
37308237	37310371	850
37310371	37310874	800
37310874	37330811	850
37330811	37365909	800
37365909	37372377	850
37372377	37373685	800
37373685	37374814	850
37374814	37400563	800
37400563	37416323	750
37416323	37446774	700
37446774	37493920	750
37493920	37513918	800
37513918	37538823	750
37538823	37553779	800
37553779	37611744	850
37611744	37616439	800
37616439	37637329	850
37637329	37639399	900
37639399	37652614	850
37652614	37656936	900
37656936	37659383	850
37659383	37663335	900
37663335	37665544	850
37665544	37672940	900
37672940	37718391	850
37718391	37723277	900
37723277	37739482	850
37739482	37746322	800
37746322	37751657	850
37751657	37785264	800
37785264	37824037	750
37824037	37851100	800
37851100	37859980	850
37859980	37887218	900
37887218	37931456	850
37931456	37979715	800
37979715	37994551	850
37994551	38015511	900
38015511	38020796	850
38020796	38054527	900
38054527	38057312	850
38057312	38068822	900
38068822	38072957	850
38072957	38091105	900
38091105	38094218	950
38094218	38110131	900
38110131	38115261	850
38115261	38169842	900
38169842	38174512	850
38174512	38237517	900
38237517	38239335	850
38239335	38252827	900
38252827	38256876	950
38256876	38279534	900
38279534	38282716	850
38282716	38302531	900
38302531	38303597	950
38303597	38304353	900
38304353	38308490	950
38308490	38311174	900
38311174	38315117	950
38315117	38347507	900
38347507	38409592	850
38409592	38514469	900
38514469	38519651	950
38519651	38524662	900
38524662	38527946	850
38527946	38534364	900
38534364	38544173	850
38544173	38629272	900
38629272	38642348	850
38642348	38712712	900
38712712	38714318	850
38714318	38731115	900
38731115	38741726	850
38741726	38753836	800
38753836	38760200	850
38760200	38760839	900
38760839	38766797	850
38766797	38773574	800
38773574	38776811	750
38776811	38791653	800
38791653	38799095	850
38799095	38812674	800
38812674	38853379	850
38853379	38864172	900
38864172	38867251	850
38867251	38868290	900
38868290	38871300	850
38871300	38889361	900
38889361	38900282	850
38900282	38923521	800
38923521	38930845	850
38930845	38932032	800
38932032	38971809	850
38971809	38982095	800
38982095	38985769	850
38985769	38994043	800
38994043	39000813	850
39000813	39001841	800
39001841	39007195	850
39007195	39019872	800
39019872	39040472	750
39040472	39043367	700
39043367	39045368	650
39045368	39047697	600
39047697	39064343	550
39064343	39082091	500
39082091	39089579	450
39089579	39098115	400
39098115	39112334	350
39112334	39140320	300
39140320	39173407	250
39173407	39275792	200
39275792	39340852	250
39340852	39354729	300
39354729	39357442	250
39357442	39361993	300
39361993	39366072	250
39366072	39427264	300
39427264	39438254	350
39438254	39451566	400
39451566	39458440	350
39458440	39462260	300
39462260	39556398	250
39556398	39582569	300
39582569	39657855	350
39657855	39685310	400
39685310	39701782	450
39701782	39703075	500
39703075	39704446	550
39704446	39706053	600
39706053	39708208	650
39708208	39711500	700
39711500	39752027	750
39752027	39769711	800
39769711	39770611	750
39770611	39775139	800
39775139	39777277	750
39777277	39784296	800
39784296	39784688	750
39784688	39784802	800
39784802	39785564	750
39785564	39860210	800
39860210	39864689	750
39864689	39879348	800
39879348	39884223	750
39884223	39912100	800
39912100	39915516	850
39915516	39916702	800
39916702	39941105	850
39941105	39941886	800
39941886	39950530	850
39950530	39972147	800
39972147	39984772	850
39984772	39986252	800
39986252	40030741	850
40030741	40048153	800
40048153	40053774	750
40053774	40054352	800
40054352	40055485	750
40055485	40064259	800
40064259	40108577	750
40108577	40109715	700
40109715	40122817	750
40122817	40128417	700
40128417	40132859	650
40132859	40137174	600
40137174	40144928	550
40144928	40153561	600
40153561	40164132	650
40164132	40171424	700
40171424	40177891	750
40177891	40224421	800
40224421	40249730	750
40249730	40270118	700
40270118	40273888	750
40273888	40323656	700
40323656	40331883	750
40331883	40335922	800
40335922	40344844	850
40344844	40368013	900
40368013	40368761	850
40368761	40370094	900
40370094	40371471	850
40371471	40377404	900
40377404	40394897	850
40394897	40424636	900
40424636	40426296	950
40426296	40454571	900
40454571	40461225	950
40461225	40631050	900
40631050	40632209	950
40632209	40632699	900
40632699	40651454	950
40651454	40651647	900
40651647	40656073	950
40656073	40710533	900
40710533	40716650	950
40716650	40731858	900
40731858	40744132	850
40744132	40762009	900
40762009	40763173	850
40763173	40779155	900
40779155	40782535	950
40782535	40782993	900
40782993	40812808	950
40812808	40813149	900
40813149	40813452	950
40813452	40835076	900
40835076	40835499	950
40835499	40857341	900
40857341	40857956	850
40857956	40859299	900
40859299	40866368	850
40866368	40867173	900
40867173	40868319	850
40868319	40906752	900
40906752	40922415	950
40922415	40947935	900
40947935	40949735	850
40949735	40951310	900
40951310	40954208	850
40954208	40957650	900
40957650	40962017	850
40962017	40965541	900
40965541	40966499	850
40966499	41004129	900
41004129	41012116	950
41012116	41013078	900
41013078	41042060	950
41042060	41042590	900
41042590	41052132	950
41052132	41077051	900
41077051	41082596	950
41082596	41106481	900
41106481	41109521	850
41109521	41130039	900
41130039	41133896	950
41133896	41136142	900
41136142	41140627	950
41140627	41141261	900
41141261	41169197	950
41169197	41216705	900
41216705	41221282	950
41221282	41225951	900
41225951	41227686	950
41227686	41242146	900
41242146	41245091	950
41245091	41250535	900
41250535	41254609	950
41254609	41373571	900
41373571	41373858	850
41373858	41407743	900
41407743	41408520	850
41408520	41432775	900
41432775	41436629	850
41436629	41451018	900
41451018	41451357	850
41451357	41453228	900
41453228	41518464	850
41518464	41520963	800
41520963	41522769	750
41522769	41525150	700
41525150	41532350	750
41532350	41574061	800
41574061	41582592	750
41582592	41613245	700
41613245	41614127	750
41614127	41614939	800
41614939	41618903	850
41618903	41631095	900
41631095	41638797	850
41638797	41640641	800
41640641	41654455	750
41654455	41776378	700
41776378	41785451	750
41785451	41791392	800
41791392	41799438	850
41799438	41827861	900
41827861	41828378	850
41828378	42071598	900
42071598	42072075	850
42072075	42072818	900
42072818	42081733	850
42081733	42113388	900
42113388	42127030	850
42127030	42131615	800
42131615	42253861	850
42253861	42257238	800
42257238	42273335	750
42273335	42284947	800
42284947	42299395	750
42299395	42317556	700
42317556	42342206	650
42342206	42350444	700
42350444	42373581	650
42373581	42388740	700
42388740	42419464	750
42419464	42441417	800
42441417	42486828	850
42486828	42491381	800
42491381	42495573	850
42495573	42534811	900
42534811	42546706	850
42546706	42553504	800
42553504	42556012	750
42556012	42556711	700
42556711	42595655	650
42595655	42601246	700
42601246	42677581	650
42677581	42688733	700
42688733	42692422	750
42692422	42695007	800
42695007	42700634	850
42700634	42776989	900
42776989	42789395	850
42789395	42820459	800
42820459	42838400	850
42838400	42864161	800
42864161	42865269	850
42865269	42893363	800
42893363	42926505	750
42926505	42929413	700
42929413	42960942	650
42960942	42967886	600
42967886	42998039	650
42998039	43022752	700
43022752	43031439	750
43031439	43034673	700
43034673	43036605	650
43036605	43037295	600
43037295	43060141	550
43060141	43148349	500
43148349	43151627	550
43151627	43152719	600
43152719	43162183	650
43162183	43288153	700
43288153	43354264	650
43354264	43380364	600
43380364	43382099	650
43382099	43405816	700
43405816	43410169	750
43410169	43413004	700
43413004	43413729	650
43413729	43414031	600
43414031	43419037	550
43419037	43475667	500
43475667	43479435	550
43479435	43482683	600
43482683	43487976	650
43487976	43497503	700
43497503	43511451	750
43511451	43514714	700
43514714	43525480	650
43525480	43556825	600
43556825	43604087	550
43604087	43765405	500
43765405	43781374	450
43781374	43833375	400
43833375	43862699	350
43862699	43930644	300
43930644	43955479	250
43955479	43958414	300
43958414	43961738	350
43961738	43964403	400
43964403	43965644	450
43965644	43971303	500
43971303	43981866	450
43981866	44000886	400
44000886	44039511	350
44039511	44050821	400
44050821	44071948	450
44071948	44075112	400
44075112	44091277	450
44091277	44092113	500
44092113	44092535	450
44092535	44111924	500
44111924	44118436	450
44118436	44121819	400
44121819	44130872	350
44130872	44131483	400
44131483	44131829	350
44131829	44132524	400
44132524	44132717	350
44132717	44133301	400
44133301	44133407	350
44133407	44133931	400
44133931	44134162	350
44134162	44134453	400
44134453	44141452	350
44141452	44154237	400
44154237	44158674	450
44158674	44162156	500
44162156	44170099	550
44170099	44192296	600
44192296	44210704	650
44210704	44210833	700
44210833	44211053	650
44211053	44215273	700
44215273	44243560	750
44243560	44244777	800
44244777	44245066	750
44245066	44284410	800
44284410	44299682	750
44299682	44303648	800
44303648	44306391	750
44306391	44312165	800
44312165	44330158	850
44330158	44336894	800
44336894	44344284	850
44344284	44345149	800
44345149	44345897	850
44345897	44346342	800
44346342	44348459	850
44348459	44348745	800
44348745	44393088	850
44393088	44396027	800
44396027	44402420	750
44402420	44407099	700
44407099	44410078	650
44410078	44417899	600
44417899	44438899	550
44438899	44440148	600
44440148	44470305	550
44470305	44491664	600
44491664	44510632	650
44510632	44534410	700
44534410	44539300	750
44539300	44553606	800
44553606	44641756	850
44641756	44645593	900
44645593	44647033	850
44647033	44649369	900
44649369	44654730	850
44654730	44658303	900
44658303	44658891	850
44658891	44667073	900
44667073	44680711	850
44680711	44708310	900
44708310	44786105	850
44786105	44791033	800
44791033	44817191	850
44817191	44957562	900
44957562	44963964	850
44963964	45128509	900
45128509	45165036	850
45165036	45178747	900
45178747	45200392	850
45200392	45269919	800
45269919	45297116	750
45297116	45312437	700
45312437	45335451	750
45335451	45358077	700
45358077	45359090	750
45359090	45360600	800
45360600	45360985	750
45360985	45370644	800
45370644	45390186	750
45390186	45410061	700
45410061	45417498	650
45417498	45421046	700
45421046	45424583	750
45424583	45429794	800
45429794	45513981	850
45513981	45514661	800
45514661	45515448	850
45515448	45521949	800
45521949	45524934	750
45524934	45526576	700
45526576	45530986	650
45530986	45552563	600
45552563	45565129	550
45565129	45575506	500
45575506	45579954	550
45579954	45583122	500
45583122	45589841	550
45589841	45653625	500
45653625	45672380	450
45672380	45719826	400
45719826	45720489	450
45720489	45721572	500
45721572	45722201	550
45722201	45722766	600
45722766	45723677	650
45723677	45724278	700
45724278	45728684	750
45728684	45762302	800
45762302	45786963	850
45786963	45903712	900
45903712	45918718	950
45918718	45922743	900
45922743	45937701	950
45937701	45940852	900
45940852	46109165	950
46109165	46109627	900
46109627	46148240	950
46148240	46148994	900
46148994	46298341	950
46298341	46299346	900
46299346	46341672	950
46341672	46345985	900
46345985	46385959	950
46385959	46387709	900
46387709	46398456	950
46398456	46399109	900
46399109	46441599	950
46441599	46631213	900
46631213	46634878	850
46634878	46645340	800
46645340	46739054	750
46739054	46758452	700
46758452	46837896	750
46837896	46837997	700
46837997	46839526	750
46839526	46845757	700
46845757	46871900	650
46871900	46931140	600
46931140	46936851	550
46936851	46949440	500
46949440	46954545	450
46954545	46959449	400
46959449	46964082	350
46964082	46967803	300
46967803	46970363	250
46970363	46978019	200
46978019	47025203	150
47025203	47140315	100
47140315	47220579	150
47220579	47264471	200
47264471	47353807	150
47353807	47358061	200
47358061	47363622	250
47363622	47370900	300
47370900	47373863	350
47373863	47425815	400
47425815	47429872	450
47429872	47432952	500
47432952	47436238	550
47436238	47439880	600
47439880	47461526	650
47461526	47509825	700
47509825	47511484	750
47511484	47512049	700
47512049	47561708	750
47561708	47570815	800
47570815	47607068	850
47607068	47644463	900
47644463	47654366	850
47654366	47675838	800
47675838	47682075	750
47682075	47707819	700
47707819	47772150	750
47772150	47775910	800
47775910	47861641	850
47861641	47865590	800
47865590	47867490	750
47867490	47872597	700
47872597	47928771	650
47928771	47931941	600
47931941	47936260	650
47936260	48005954	600
48005954	48011188	650
48011188	48024252	700
48024252	48058147	750
48058147	48088450	800
48088450	48117652	850
48117652	48127512	800
48127512	48194630	750
48194630	48211830	800
48211830	48239917	850
48239917	48511890	900
48511890	48547615	850
48547615	48557138	800
48557138	48574632	750
48574632	48578804	800
48578804	48635930	750
48635930	48649691	800
48649691	48671364	850
48671364	48681286	900
48681286	48771276	850
48771276	48781949	800
48781949	48815852	750
48815852	48816955	800
48816955	48910764	850
48910764	48920566	800
48920566	48923676	750
48923676	48928458	700
48928458	48931839	650
48931839	48934077	600
48934077	48935444	550
48935444	48936317	500
48936317	48937538	450
48937538	48952859	400
48952859	48989058	450
48989058	49014423	500
49014423	49020438	550
49020438	49027047	600
49027047	49028436	650
49028436	49029043	700
49029043	49030071	750
49030071	49032005	800
49032005	49050321	850
49050321	49063385	800
49063385	49074102	850
49074102	49076398	900
49076398	49076599	850
49076599	49097159	900
49097159	49097349	950
49097349	49140320	900
49140320	49145673	950
49145673	49145909	900
49145909	49437452	950
49437452	49440628	900
49440628	49454781	950
49454781	49479643	900
49479643	49482351	850
49482351	49495477	900
49495477	49504702	850
49504702	49530624	900
49530624	49539878	950
49539878	49540049	900
49540049	49541037	950
49541037	49571289	900
49571289	49576156	850
49576156	49589177	900
49589177	49590555	950
49590555	49591445	900
49591445	49610941	950
49610941	49612332	900
49612332	49614663	950
49614663	49621810	900
49621810	49623528	950
49623528	49624701	900
49624701	49631022	950
49631022	49844744	900
49844744	49846767	850
49846767	49847120	900
49847120	49854087	850
49854087	49889157	900
49889157	50052506	950
50052506	50054860	900
50054860	50087369	950
50087369	50125441	900
50125441	50136618	850
50136618	50150853	900
50150853	50187249	850
50187249	50202560	800
50202560	50204039	750
50204039	50205607	800
50205607	50219713	850
50219713	50279524	900
50279524	50291942	850
50291942	50314377	800
50314377	50326751	750
50326751	50335733	800
50335733	50347506	850
50347506	50352506	900
50352506	50360505	850
50360505	50391175	800
50391175	50394659	850
50394659	50441749	800
50441749	50486482	850
50486482	50489826	800
50489826	50496200	750
50496200	50538835	800
50538835	50563255	750
50563255	50580816	800
50580816	50587401	850
50587401	50588408	900
50588408	50643279	850
50643279	50650770	900
50650770	50652229	850
50652229	50669458	900
50669458	50678211	950
50678211	50703370	900
50703370	50708461	950
50708461	50733303	900
50733303	50738094	950
50738094	50739665	900
50739665	50774990	950
50774990	50781224	900
50781224	50801583	850
50801583	50806955	900
50806955	50827317	950
50827317	50836195	900
50836195	50845032	850
50845032	50849224	900
50849224	50860919	850
50860919	50869750	900
50869750	50893311	950
50893311	50901391	900
50901391	50902586	950
50902586	50903620	900
50903620	50948864	950
50948864	50949450	900
50949450	50968927	950
50968927	50970557	900
50970557	50984773	950
50984773	51001409	900
51001409	51002295	850
51002295	51008378	900
51008378	51009399	850
51009399	51018706	900
51018706	51041904	950
51041904	51055585	900
51055585	51091998	950
51091998	51092288	900
51092288	51101975	950
51101975	51113767	900
51113767	51131443	950
51131443	51134262	900
51134262	51138762	950
51138762	51142846	900
51142846	51147343	950
51147343	51155980	900
51155980	51220882	950
51220882	51222017	900
51222017	51256147	950
51256147	51257774	900
51257774	51270068	950
51270068	51293447	900
51293447	51294792	850
51294792	51295319	800
51295319	51299661	750
51299661	51303612	700
51303612	51306132	650
51306132	51312250	700
51312250	51315574	750
51315574	51315909	800
51315909	51317105	850
51317105	51321737	900
51321737	51362183	950
51362183	51370909	900
51370909	51378294	950
51378294	51379657	900
51379657	51399470	950
51399470	51402706	900
51402706	51413767	950
51413767	51435663	900
51435663	51440569	850
51440569	51467809	900
51467809	51475564	950
51475564	51478311	900
51478311	51489244	950
51489244	51490434	900
51490434	51491449	950
51491449	51492258	900
51492258	51497844	850
51497844	51513554	900
51513554	51535352	850
51535352	51539137	800
51539137	51543584	750
51543584	51546819	800
51546819	51550825	850
51550825	51602831	900
51602831	51609342	850
51609342	51641859	800
51641859	51643736	850
51643736	51649324	900
51649324	51989136	950
51989136	51989563	900
51989563	51990153	950
51990153	52022612	900
52022612	52048703	850
52048703	52106693	900
52106693	52176286	950
52176286	52224737	900
52224737	52224960	950
52224960	52229926	900
52229926	52256807	950
52256807	52296150	900
52296150	52319524	950
52319524	52319966	900
52319966	52637392	950
52637392	52643377	900
52643377	52897060	950
52897060	52899574	900
52899574	52916879	950
52916879	52918095	900
52918095	52936865	950
52936865	52940387	900
52940387	52941505	950
52941505	52942618	900
52942618	53109593	950
53109593	53111157	900
53111157	53175600	950
53175600	53176468	900
53176468	53262883	950
53262883	53268538	900
53268538	53301053	950
53301053	53303436	900
53303436	53361251	950
53361251	53418346	900
53418346	53586646	950
53586646	53590495	900
53590495	53655153	950
53655153	53655838	900
53655838	53715568	950
53715568	53724492	900
53724492	53786874	950
53786874	53798528	900
53798528	53813412	950
53813412	53815651	900
53815651	53826398	950
53826398	53840208	900
53840208	53841600	950
53841600	53843112	900
53843112	53880271	950
53880271	53904804	900
53904804	53980176	950
53980176	53981851	900
53981851	53998491	850
53998491	54005162	800
54005162	54005361	750
54005361	54008348	800
54008348	54008666	750
54008666	54009257	800
54009257	54010555	750
54010555	54015401	800
54015401	54022188	850
54022188	54023462	800
54023462	54043126	850
54043126	54089820	800
54089820	54126906	850
54126906	54131008	900
54131008	54132581	850
54132581	54135692	900
54135692	54136431	850
54136431	54141445	900
54141445	54149495	850
54149495	54161731	900
54161731	54163354	850
54163354	54182859	900
54182859	54238033	950
54238033	54256559	900
54256559	54259053	850
54259053	54323516	900
54323516	54372332	850
54372332	54379190	800
54379190	54396212	850
54396212	54400052	900
54400052	54413123	850
54413123	54419549	900
54419549	54457293	850
54457293	54477202	800
54477202	54532850	750
54532850	54534879	800
54534879	54541689	850
54541689	54566168	900
54566168	54608669	950
54608669	54637021	900
54637021	54649568	850
54649568	54666938	900
54666938	55139978	950
55139978	55143403	900
55143403	55156517	950
55156517	55158162	900
55158162	55167333	950
55167333	55222583	900
55222583	55248531	850
55248531	55267308	800
55267308	55268090	750
55268090	55271563	800
55271563	55327010	750
55327010	55339501	700
55339501	55368756	650
55368756	55392887	700
55392887	55399424	750
55399424	55415159	800
55415159	55428903	850
55428903	55526069	900
55526069	55529218	850
55529218	55546215	900
55546215	55562840	850
55562840	55563918	900
55563918	55564496	850
55564496	55565826	900
55565826	55572652	850
55572652	55574483	800
55574483	55578316	850
55578316	55596469	900
55596469	55659325	950
55659325	55661716	900
55661716	56159036	950
56159036	56160951	900
56160951	56207433	950
56207433	56230765	900
56230765	56234786	850
56234786	56237461	800
56237461	56253610	750
56253610	56291366	700
56291366	56303391	750
56303391	56304905	700
56304905	56357093	650
56357093	56372900	700
56372900	56373863	750
56373863	56376058	800
56376058	56379986	850
56379986	56383641	900
56383641	56396535	850
56396535	56416479	800
56416479	56453944	750
56453944	56460499	800
56460499	56476707	850
56476707	56512935	900
56512935	56522698	950
56522698	56523086	900
56523086	56530952	950
56530952	56551848	900
56551848	56552547	850
56552547	56559368	900
56559368	56566337	950
56566337	56566677	900
56566677	56625734	950
56625734	56641953	900
56641953	56646615	850
56646615	56656984	800
56656984	56675750	750
56675750	56691835	700
56691835	56708838	750
56708838	56720030	800
56720030	56723719	750
56723719	56751456	800
56751456	56834053	850
56834053	56867290	800
56867290	56878440	850
56878440	56895207	900
56895207	56895386	850
56895386	56901615	900
56901615	56931229	850
56931229	56977304	900
56977304	56985276	850
56985276	57062537	800
57062537	57153568	850
57153568	57156845	800
57156845	57194463	850
57194463	57210689	800
57210689	57260459	850
57260459	57266848	800
57266848	57269165	750
57269165	57288927	800
57288927	57294165	850
57294165	57341424	900
57341424	57342846	950
57342846	57344409	900
57344409	57829619	950
57829619	57837395	900
57837395	57839933	850
57839933	57841945	800
57841945	57844069	750
57844069	57845451	700
57845451	57846303	650
57846303	57848872	600
57848872	57855568	550
57855568	57875099	500
57875099	57952553	450
57952553	57961440	500
57961440	57967882	550
57967882	57978549	600
57978549	57985064	650
57985064	57994101	700
57994101	58005156	750
58005156	58011994	800
58011994	58020480	850
58020480	58056133	900
58056133	58115734	950
58115734	58134277	900
58134277	58168641	950
58168641	58173362	900
58173362	58180281	950
58180281	58181214	900
58181214	58277371	950
58277371	58285899	900
58285899	59922765	950
59922765	59971336	900
59971336	59981968	850
59981968	60020616	800
60020616	60073045	850
60073045	60091321	900
60091321	60113513	850
60113513	60122759	800
60122759	60130815	750
60130815	60152781	700
60152781	60189275	750
60189275	60190029	700
60190029	60191574	750
60191574	60273060	800
60273060	60322072	750
60322072	60361536	800
60361536	60392873	850
60392873	60408341	800
60408341	60419318	850
60419318	60488292	900
60488292	60764647	950
60764647	60772322	900
60772322	60806744	950
60806744	60817370	900
60817370	60854386	950
60854386	60863393	900
60863393	60875779	950
60875779	60891817	900
60891817	60942253	850
60942253	60965111	800
60965111	60974163	850
60974163	60976522	800
60976522	60977750	750
60977750	60980457	700
60980457	60998215	650
60998215	61005492	600
61005492	61044951	650
61044951	61046402	600
61046402	61052772	650
61052772	61053680	700
61053680	61055499	750
61055499	61068883	800
61068883	61107932	850
61107932	61286331	900
61286331	61321898	850
61321898	61446751	900
61446751	61458755	850
61458755	61641234	900
61641234	61658240	850
61658240	61658281	800
61658281	61688795	850
61688795	61759595	800
61759595	61817135	750
61817135	61832440	800
61832440	61837893	750
61837893	61952965	800
61952965	61961458	850
61961458	61972630	800
61972630	61991578	750
61991578	62017399	800
62017399	62042292	750
62042292	62044206	800
62044206	62053073	750
62053073	62055056	700
62055056	62067279	650
62067279	62069637	600
62069637	62074341	650
62074341	62135620	600
62135620	62149022	650
62149022	62150687	700
62150687	62153617	750
62153617	62216022	800
62216022	62262867	850
62262867	62266369	800
62266369	62287947	850
62287947	62291068	900
62291068	62293304	850
62293304	62296321	900
62296321	62301218	850
62301218	62322822	800
62322822	62341914	750
62341914	62344115	700
62344115	62348764	750
62348764	62361940	800
62361940	62379096	750
62379096	62390936	800
62390936	62430206	850
62430206	62435964	900
