0	15963028	950
0	15963028	950
16990	22551	850
22551	31701	800
31701	42922	750
42922	48817	700
48817	53979	650
53979	59124	700
59124	112083	750
112083	166178	800
166178	204636	750
204636	224173	700
224173	258762	750
258762	262741	800
262741	274055	850
274055	284721	800
284721	294096	750
294096	304615	800
304615	372464	750
372464	486923	800
486923	513905	750
513905	531303	800
531303	539900	850
539900	549998	800
549998	552190	750
552190	558989	700
558989	564385	650
564385	591580	600
591580	604316	650
604316	627404	600
627404	670697	650
670697	679164	600
679164	688091	650
688091	698949	700
698949	710539	750
710539	727894	700
727894	732283	750
732283	734406	800
734406	755981	850
755981	781031	800
781031	784940	750
784940	794468	800
794468	799054	850
799054	962038	900
962038	976738	850
976738	982044	900
982044	1122069	950
1122069	1185296	900
1185296	1225704	850
1225704	1268867	900
1268867	1307371	850
1307371	1324274	800
1324274	1331277	750
1331277	1340351	700
1340351	1419432	750
1419432	1431966	800
1431966	1455626	750
1455626	1484301	800
1484301	1492933	750
1492933	1496482	700
1496482	1506883	650
1506883	1520783	600
1520783	1552019	550
1552019	1559065	500
1559065	1616531	550
1616531	1700978	500
1700978	1755736	550
1755736	1786798	600
1786798	1810697	650
1810697	1861139	600
1861139	1911028	650
1911028	1921869	700
1921869	1948557	750
1948557	1960971	700
1960971	1995219	650
1995219	2005951	700
2005951	2037571	750
2037571	2043559	700
2043559	2052804	650
2052804	2088789	600
2088789	2107543	550
2107543	2123290	600
2123290	2139462	650
2139462	2155032	600
2155032	2161561	550
2161561	2178660	500
2178660	2180528	550
2180528	2180579	500
2180579	2191052	550
2191052	2207186	500
2207186	2234917	550
2234917	2243074	600
2243074	2250660	550
2250660	2290549	500
2290549	2296366	550
2296366	2305928	600
2305928	2309353	650
2309353	2309456	700
2309456	2309730	650
2309730	2317192	700
2317192	2382074	750
2382074	2455759	700
2455759	2474416	750
2474416	2498379	700
2498379	2530138	750
2530138	2548796	800
2548796	2558807	750
2558807	2569201	800
2569201	2589841	750
2589841	2699365	800
2699365	2713131	750
2713131	2717932	700
2717932	2720232	650
2720232	2721774	600
2721774	2731812	550
2731812	2741136	500
2741136	2746991	450
2746991	2750757	400
2750757	2758331	350
2758331	2759161	400
2759161	2760452	450
2760452	2761974	500
2761974	2763700	550
2763700	2766029	600
2766029	2768043	650
2768043	2771918	700
2771918	2778379	750
2778379	2814711	800
2814711	2916849	850
2916849	2945730	800
2945730	2959181	750
2959181	2970812	700
2970812	3005229	750
3005229	3025112	700
3025112	3047285	750
3047285	3062427	800
3062427	3078310	750
3078310	3130940	700
3130940	3140535	650
3140535	3157269	700
3157269	3199022	750
3199022	3232396	700
3232396	3236230	650
3236230	3239931	700
3239931	3253314	750
3253314	3256419	700
3256419	3305725	650
3305725	3309117	700
3309117	3314370	750
3314370	3325639	800
3325639	3332373	750
3332373	3343456	700
3343456	3386110	650
3386110	3434593	600
3434593	3439057	650
3439057	3456581	700
3456581	3475336	650
3475336	3482693	700
3482693	3489133	650
3489133	3504823	600
3504823	3599266	550
3599266	3673355	600
3673355	3692115	650
3692115	3698262	700
3698262	3711977	650
3711977	3716076	600
3716076	3730978	550
3730978	3740993	500
3740993	3750561	450
3750561	3751775	500
3751775	3753506	450
3753506	3754299	500
3754299	3784061	450
3784061	3852403	500
3852403	3863596	550
3863596	3868426	600
3868426	3874092	650
3874092	3884556	700
3884556	3899686	750
3899686	3948891	800
3948891	3952254	750
3952254	3960924	700
3960924	3973669	750
3973669	3982542	800
3982542	3996919	850
3996919	3999174	800
3999174	4001491	850
4001491	4004163	800
4004163	4053953	850
4053953	4133579	800
4133579	4142770	850
4142770	4176126	800
4176126	4188214	750
4188214	4240684	800
4240684	4247171	750
4247171	4252980	700
4252980	4295302	750
4295302	4306709	800
4306709	4307757	750
4307757	4308362	800
4308362	4310200	750
4310200	4311014	700
4311014	4311442	650
4311442	4318221	600
4318221	4324304	550
4324304	4428727	500
4428727	4446649	450
4446649	4483204	500
4483204	4508616	450
4508616	4529592	500
4529592	4541560	550
4541560	4586279	600
4586279	4621011	650
4621011	4646720	700
4646720	4662913	650
4662913	4741207	600
4741207	4753979	650
4753979	4755895	700
4755895	4758486	650
4758486	4759980	600
4759980	4776775	550
4776775	4800315	500
4800315	4844162	450
4844162	4881471	400
4881471	4889897	450
4889897	4891720	500
4891720	4893650	550
4893650	4895770	600
4895770	4899944	650
4899944	4912324	700
4912324	4927977	750
4927977	4937092	800
4937092	5052815	850
5052815	5061018	900
5061018	5076797	850
5076797	5149850	900
5149850	5199082	950
5199082	5199243	900
5199243	5292924	950
5292924	5294759	900
5294759	5661094	950
5661094	5663206	900
5663206	5674823	950
5674823	5676102	900
5676102	5677920	950
5677920	5678465	900
5678465	5747796	950
5747796	5748853	900
5748853	6268353	950
6268353	6270116	900
6270116	6307728	950
6307728	6308722	900
6308722	6332989	950
6332989	6333379	900
6333379	6374049	950
6374049	6374053	900
6374053	6470846	950
6470846	6473875	900
6473875	6488798	950
6488798	6490031	900
6490031	6685946	950
6685946	6688552	900
6688552	6697741	950
6697741	6700202	900
6700202	6999550	950
6999550	7000143	900
7000143	7006422	950
7006422	7009474	900
7009474	7018047	950
7018047	7018570	900
7018570	7023245	950
7023245	7053107	900
7053107	7311727	950
7311727	7343899	900
7343899	7346799	950
7346799	7352548	900
7352548	7354325	950
7354325	7367459	900
7367459	7370386	950
7370386	7374786	900
7374786	7385112	950
7385112	7385991	900
7385991	7581941	950
7581941	7605624	900
7605624	7607492	950
7607492	7609986	900
7609986	7635125	950
7635125	7636164	900
7636164	7636539	950
7636539	7637058	900
7637058	7652108	950
7652108	7670410	900
7670410	7674581	950
7674581	7674638	900
7674638	7676548	950
7676548	7697433	900
7697433	7699911	850
7699911	7702765	800
7702765	7702833	850
7702833	7702908	800
7702908	7705043	850
7705043	7716779	900
7716779	7733799	950
7733799	7740386	900
7740386	7782959	950
7782959	7784543	900
7784543	8070561	950
8070561	8084825	900
8084825	8220313	950
8220313	8221121	900
8221121	8232580	950
8232580	8233068	900
8233068	8357320	950
8357320	8373319	900
8373319	8375291	950
8375291	8376905	900
8376905	8626705	950
8626705	8647429	900
8647429	8741058	950
8741058	8775172	900
8775172	8783270	850
8783270	8827518	800
8827518	8853912	850
8853912	8856259	800
8856259	8876667	850
8876667	8878000	800
8878000	8881789	750
8881789	8891433	700
8891433	8924278	650
8924278	8939349	700
8939349	8962509	750
8962509	8983625	800
8983625	9000847	850
9000847	9054636	900
9054636	9080130	850
9080130	9098688	800
9098688	9112654	750
9112654	9124294	700
9124294	9132308	750
9132308	9138160	800
9138160	9146656	850
9146656	9155365	900
9155365	9679549	950
9679549	9708433	900
9708433	9710716	850
9710716	9723786	800
9723786	9740714	750
9740714	9751620	700
9751620	9759429	650
9759429	9766765	600
9766765	9770846	650
9770846	9776450	700
9776450	9777859	750
9777859	9779766	800
9779766	9794223	850
9794223	9803725	800
9803725	9907056	850
9907056	9923812	900
9923812	9951333	850
9951333	10205207	900
10205207	10227616	950
10227616	10228269	900
10228269	10356977	950
10356977	10407486	900
10407486	10485223	850
10485223	10509059	900
10509059	10533478	950
10533478	10534812	900
10534812	10664414	950
10664414	10779580	900
10779580	10867369	950
10867369	10868106	900
10868106	10900086	950
10900086	10939985	900
10939985	10942446	850
10942446	10959852	800
10959852	11004668	750
11004668	11107807	800
11107807	11174135	850
11174135	11369651	900
11369651	11545558	950
11545558	11552620	900
11552620	11554887	950
11554887	11555247	900
11555247	11587499	950
11587499	11664738	900
11664738	11667017	850
11667017	11667988	800
11667988	11668485	750
11668485	11675070	700
11675070	11740145	650
11740145	11750752	700
11750752	11755205	650
11755205	11783604	600
11783604	11796202	650
11796202	11811681	700
11811681	11812749	750
11812749	11815240	800
11815240	11821760	850
11821760	11823600	800
11823600	11837168	750
11837168	11855724	700
11855724	11865996	650
11865996	11901318	600
11901318	11917717	650
11917717	11927873	700
11927873	11970541	750
11970541	12058720	800
12058720	12060601	850
12060601	12381242	900
12381242	12387201	950
12387201	12424073	900
12424073	12468222	950
12468222	12482429	900
12482429	12488467	950
12488467	12493986	900
12493986	12702266	950
12702266	12709929	900
12709929	13032301	950
13032301	13033249	900
13033249	13037591	950
13037591	13041798	900
13041798	13267398	950
13267398	13272585	900
13272585	13408921	950
13408921	13423331	900
13423331	13435994	950
13435994	13457330	900
13457330	13489432	950
13489432	13500353	900
13500353	13587427	950
13587427	13590674	900
13590674	13612268	950
13612268	13615720	900
13615720	13645434	950
13645434	13651059	900
13651059	13678388	950
13678388	13708895	900
13708895	13733612	950
13733612	13738467	900
13738467	13768596	950
13768596	13769283	900
13769283	13769841	950
13769841	13771274	900
13771274	13817697	950
13817697	13819522	900
13819522	13868849	950
13868849	13869776	900
13869776	13887132	950
13887132	13887438	900
13887438	13888177	950
13888177	13898960	900
13898960	13902954	850
13902954	13910437	800
13910437	13923168	750
13923168	13955144	700
13955144	13967285	750
13967285	13996333	800
13996333	14055131	850
14055131	14062685	800
14062685	14073822	750
14073822	14086144	700
14086144	14088378	650
14088378	14110870	600
14110870	14156147	550
14156147	14192665	500
14192665	14235431	550
14235431	14253741	600
14253741	14269028	650
14269028	14279755	700
14279755	14282396	750
14282396	14283325	800
14283325	14286345	850
14286345	14375854	900
14375854	14386823	850
14386823	14416818	800
14416818	14445862	750
14445862	14534110	700
14534110	14651850	650
14651850	14672713	700
14672713	14693116	750
14693116	14813252	800
14813252	14854886	750
14854886	14874025	700
14874025	14945183	650
14945183	14995405	600
14995405	15089458	550
15089458	15139912	600
15139912	15252461	650
15252461	15431410	700
15431410	15533183	650
15533183	15551412	600
15551412	15560553	550
15560553	15581016	500
15581016	15588827	450
15588827	15589379	400
15589379	15594413	350
15594413	15653326	300
15653326	15706590	350
15706590	15732493	400
15732493	15747437	450
15747437	15760461	500
15760461	15779500	550
15779500	15784532	600
15784532	15787282	650
15787282	15789260	700
15789260	15792275	750
15792275	15812424	800
15812424	15822435	850
15822435	15824575	800
15824575	15837561	850
15837561	15842155	800
15842155	15853531	850
15853531	15895277	800
15895277	15912197	850
15912197	16002522	900
16002522	16058161	850
16058161	16070383	900
16070383	16117563	850
16117563	16134037	900
16134037	16193838	850
16193838	16232006	900
16232006	16270907	950
16270907	16272619	900
16272619	16840559	950
16840559	16842658	900
16842658	16852387	950
16852387	16863368	900
16863368	16880562	950
16880562	16884343	900
16884343	16916584	950
16916584	16921293	900
16921293	16931695	950
16931695	17002248	900
17002248	17005394	850
17005394	17026549	900
17026549	17036164	850
17036164	17095829	900
17095829	17111136	850
17111136	17116957	900
17116957	17158974	850
17158974	17160693	900
17160693	17161568	850
17161568	17164401	900
17164401	17170423	950
17170423	17171708	900
17171708	17181695	950
17181695	17182386	900
17182386	17213628	950
17213628	17214793	900
17214793	17217572	950
17217572	17217931	900
17217931	17226705	950
17226705	17227641	900
17227641	17258467	950
17258467	17261290	900
17261290	17266808	950
17266808	17266987	900
17266987	17361079	950
17361079	17363738	900
17363738	17432823	950
17432823	17433985	900
17433985	17434605	950
17434605	17436159	900
17436159	17649428	950
17649428	17655463	900
17655463	17663740	950
17663740	17664501	900
17664501	17683444	950
17683444	17696987	900
17696987	17759807	950
17759807	17791102	900
17791102	17797871	950
17797871	17818456	900
17818456	17819017	850
17819017	17847716	800
17847716	17866664	850
17866664	17902362	900
17902362	17916125	950
17916125	17956927	900
17956927	18025509	950
18025509	18026987	900
18026987	18039420	950
18039420	18054222	900
18054222	18071798	950
18071798	18075216	900
18075216	18104367	950
18104367	18104955	900
18104955	18107485	950
18107485	18108342	900
18108342	18396176	950
18396176	18580058	900
18580058	18620332	850
18620332	18640016	800
18640016	18652367	750
18652367	18660403	700
18660403	18665617	650
18665617	18669728	600
18669728	18672518	550
18672518	18674471	500
18674471	18676146	450
18676146	18688607	400
18688607	18698553	350
18698553	18707526	300
18707526	18717129	250
18717129	18725670	200
18725670	18794887	150
18794887	18812129	200
18812129	18817094	250
18817094	18832693	300
18832693	18852825	350
18852825	18853533	400
18853533	18854501	450
18854501	18855809	500
18855809	18857738	550
18857738	18860438	600
18860438	18864192	650
18864192	18882201	700
18882201	18883577	750
18883577	18912964	800
18912964	18953515	750
18953515	18988514	700
18988514	19006153	750
19006153	19010536	800
19010536	19039121	850
19039121	19039906	900
19039906	19040974	850
19040974	19090817	900
19090817	19093382	850
19093382	19101309	900
19101309	19104304	850
19104304	19260239	900
19260239	19302266	850
19302266	19304994	800
19304994	19347641	750
19347641	19356213	700
19356213	19364582	650
19364582	19380368	600
19380368	19407160	550
19407160	19411686	500
19411686	19441289	450
19441289	19469470	400
19469470	19480366	450
19480366	19496271	500
19496271	19507938	550
19507938	19522992	600
19522992	19546264	650
19546264	19570332	600
19570332	19596419	650
19596419	19610908	700
19610908	19612294	750
19612294	19615302	700
19615302	19688034	650
19688034	19690471	700
19690471	19734368	650
19734368	19743995	700
19743995	19752912	650
19752912	19758037	700
19758037	19778832	650
19778832	19802250	700
19802250	19852474	750
19852474	19936558	800
19936558	19947660	750
19947660	19949158	700
19949158	19958307	750
19958307	19961189	800
19961189	20057247	850
20057247	20068972	900
20068972	20071199	850
20071199	20107367	900
20107367	20111239	850
20111239	20141354	900
20141354	20141713	850
20141713	20148696	900
20148696	20172489	850
20172489	20176911	900
20176911	20184786	850
20184786	20259873	800
20259873	20267272	750
20267272	20267888	700
20267888	20272942	750
20272942	20279135	800
20279135	20279687	750
20279687	20281214	800
20281214	20284778	750
20284778	20320047	800
20320047	20322490	850
20322490	20334114	800
20334114	20343433	750
20343433	20345621	800
20345621	20397762	750
20397762	20409841	800
20409841	20456205	750
20456205	20461514	700
20461514	20467751	650
20467751	20522281	600
20522281	20593657	550
20593657	20596311	500
20596311	20598130	450
20598130	20599424	400
20599424	20600339	350
20600339	20600999	300
20600999	20601465	250
20601465	20626124	200
20626124	20675888	150
20675888	20798120	100
20798120	20841264	150
20841264	20848980	200
20848980	20857747	250
20857747	20862953	300
20862953	20868081	350
20868081	20886975	300
20886975	20896713	350
20896713	20912914	300
20912914	20962855	350
20962855	20989683	400
20989683	20999633	450
20999633	21006793	500
21006793	21061705	450
21061705	21093271	500
21093271	21101968	550
21101968	21110537	600
21110537	21119120	650
21119120	21122553	600
21122553	21130410	650
21130410	21144069	700
21144069	21149376	750
21149376	21152039	800
21152039	21155168	750
21155168	21160135	800
21160135	21222407	750
21222407	21245229	800
21245229	21386120	850
21386120	21413755	800
21413755	21427646	750
21427646	21502865	700
21502865	21520709	650
21520709	21530148	600
21530148	21532251	550
21532251	21533271	600
21533271	21533959	550
21533959	21535102	600
21535102	21535881	550
21535881	21536819	600
21536819	21537868	550
21537868	21541561	600
21541561	21568850	550
21568850	21577660	500
21577660	21580188	550
21580188	21758204	600
21758204	21810504	550
21810504	21838560	500
21838560	21852689	450
21852689	21868393	400
21868393	21915195	350
21915195	22001757	300
22001757	22003009	250
22003009	22013477	300
22013477	22017776	350
22017776	22025803	400
22025803	22039558	450
22039558	22046232	400
22046232	22076476	450
22076476	22092685	500
22092685	22095886	550
22095886	22099485	500
22099485	22141647	550
22141647	22145515	500
22145515	22170731	550
22170731	22186034	500
22186034	22243654	450
22243654	22285197	400
22285197	22286514	450
22286514	22287549	400
22287549	22329320	450
22329320	22341266	500
22341266	22343787	550
22343787	22345461	600
22345461	22348001	650
22348001	22352209	700
22352209	22359097	750
22359097	22370478	800
22370478	22398730	850
22398730	22488758	900
22488758	22538779	950
22538779	22543870	900
22543870	22552033	950
22552033	22555676	900
22555676	22566082	950
22566082	22566787	900
22566787	22578572	950
22578572	22585392	900
22585392	22599645	950
22599645	22601567	900
22601567	22604262	950
22604262	22605103	900
22605103	22647263	950
22647263	22647727	900
22647727	22653122	950
22653122	22653614	900
22653614	22670642	950
22670642	22673578	900
22673578	22682394	950
22682394	22684872	900
22684872	22690781	950
22690781	22691242	900
22691242	22700342	950
22700342	22700760	900
22700760	22707521	950
22707521	22722822	900
22722822	22726180	950
22726180	22805693	900
22805693	22848754	850
22848754	22850218	900
22850218	22854638	850
22854638	22855181	800
22855181	22858275	850
22858275	22862086	800
22862086	22865182	850
22865182	22920657	800
22920657	22932527	750
22932527	22943564	700
22943564	22950128	650
22950128	22955148	600
22955148	22960785	550
22960785	22968075	500
22968075	22974816	450
22974816	22980647	400
22980647	23061632	350
23061632	23064660	400
23064660	23081384	450
23081384	23101172	500
23101172	23107815	550
23107815	23109110	600
23109110	23111521	650
23111521	23128803	700
23128803	23135940	650
23135940	23151361	700
23151361	23158082	750
23158082	23181613	800
23181613	23286128	850
23286128	23298150	800
23298150	23299555	750
23299555	23300422	700
23300422	23300944	650
23300944	23301338	600
23301338	23301578	550
23301578	23301763	500
23301763	23301889	450
23301889	23310911	400
23310911	23368844	350
23368844	23501904	300
23501904	23521175	350
23521175	23526786	400
23526786	23611693	350
23611693	23612514	400
23612514	23614267	450
23614267	23616045	500
23616045	23619414	550
23619414	23620092	600
23620092	23620396	650
23620396	23621072	700
23621072	23628178	750
23628178	23637296	800
23637296	23673665	850
23673665	23680524	800
23680524	23870358	850
23870358	23888744	900
23888744	23889030	850
23889030	24049234	900
24049234	24064349	850
24064349	24110312	800
24110312	24114907	850
24114907	24130595	800
24130595	24135240	750
24135240	24138477	800
24138477	24139190	750
24139190	24140803	800
24140803	24164061	850
24164061	24167855	800
24167855	24171831	750
24171831	24182107	700
24182107	24184348	750
24184348	24193370	800
24193370	24194799	850
24194799	24196655	800
24196655	24200294	850
24200294	24212521	800
24212521	24215974	850
24215974	24279859	900
24279859	24281998	850
24281998	24298717	900
24298717	24299268	850
24299268	24312865	900
24312865	24314193	850
24314193	24356035	900
24356035	24413274	850
24413274	24417011	800
24417011	24419089	750
24419089	24422137	700
24422137	24425127	650
24425127	24434514	600
24434514	24440822	550
24440822	24448318	500
24448318	24460201	450
24460201	24494170	400
24494170	24499792	450
24499792	24502125	500
24502125	24504356	550
24504356	24508393	600
24508393	24516770	650
24516770	24524812	700
24524812	24528651	750
24528651	24528724	800
24528724	24528964	750
24528964	24533323	800
24533323	24564160	850
24564160	24578584	800
24578584	24586938	750
24586938	24592109	700
24592109	24595181	650
24595181	24614766	600
24614766	24631510	550
24631510	24643509	500
24643509	24652485	450
24652485	24670499	400
24670499	24697740	350
24697740	24723629	300
24723629	24744733	350
24744733	24747560	400
24747560	24752224	450
24752224	24756840	500
24756840	24761056	550
24761056	24762501	600
24762501	24764669	650
24764669	24768419	700
24768419	24776211	750
24776211	24828354	800
24828354	24830746	750
24830746	24834970	700
24834970	24844070	650
24844070	24871947	600
24871947	24910032	650
24910032	24929256	700
24929256	24930223	750
24930223	24931608	700
24931608	24954157	750
24954157	24961528	800
24961528	24976988	850
24976988	25037353	900
25037353	25120348	850
25120348	25133666	900
25133666	25139130	850
25139130	25141004	800
25141004	25141983	750
25141983	25143734	700
25143734	25146047	650
25146047	25147823	600
25147823	25152430	550
25152430	25175769	500
25175769	25178937	550
25178937	25211705	600
25211705	25285136	650
25285136	25288507	700
25288507	25289016	750
25289016	25289035	700
25289035	25290372	750
25290372	25291988	700
25291988	25296281	750
25296281	25300540	700
25300540	25302563	750
25302563	25302640	700
25302640	25302957	750
25302957	25322335	700
25322335	25332635	650
25332635	25348657	700
25348657	25367290	750
25367290	25378919	800
25378919	25432484	850
25432484	25433256	800
25433256	25496275	850
25496275	25523950	900
25523950	25526559	950
25526559	25620048	900
25620048	25665902	950
25665902	25672279	900
25672279	25758477	950
25758477	25761891	900
25761891	26052356	950
26052356	26057152	900
26057152	26071750	950
26071750	26082382	900
26082382	26085162	950
26085162	26097694	900
26097694	26134014	950
26134014	26134645	900
26134645	26225309	950
26225309	26230669	900
26230669	26236519	950
26236519	26242527	900
26242527	26267782	950
26267782	26281594	900
26281594	26301031	950
26301031	26303002	900
26303002	26348295	950
26348295	26366582	900
26366582	26980558	950
26980558	26991850	900
26991850	26992300	950
26992300	26993560	900
26993560	27086298	950
27086298	27114542	900
27114542	27208143	850
27208143	27279858	900
27279858	27283866	850
27283866	27345255	900
27345255	27355923	850
27355923	27358318	800
27358318	27359507	750
27359507	27360165	700
27360165	27361452	650
27361452	27367789	600
27367789	27454311	550
27454311	27518174	500
27518174	27664884	550
27664884	27693057	600
27693057	27701280	650
27701280	27701760	700
27701760	27702256	750
27702256	27703176	800
27703176	27763850	850
27763850	27802116	900
27802116	27804098	850
27804098	27810917	900
27810917	27814002	850
27814002	27929779	900
27929779	27975335	850
27975335	27980541	800
27980541	27993495	750
27993495	27998841	700
27998841	28000556	650
28000556	28001487	600
28001487	28017127	550
28017127	28056021	500
28056021	28107218	450
28107218	28140670	500
28140670	28146613	550
28146613	28152701	600
28152701	28161214	650
28161214	28171305	700
28171305	28172919	750
28172919	28176465	800
28176465	28206974	850
28206974	28324244	800
28324244	28382745	750
28382745	28400290	700
28400290	28419626	650
28419626	28440212	700
28440212	28535921	650
28535921	28609766	700
28609766	28639765	650
28639765	28646850	600
28646850	28664602	650
28664602	28697837	600
28697837	28711564	550
28711564	28720839	500
28720839	28726650	450
28726650	28730263	400
28730263	28732394	350
28732394	28747291	300
28747291	28794615	250
28794615	28804112	300
28804112	28833244	350
28833244	28844338	400
28844338	28903916	450
28903916	28907449	500
28907449	28912491	550
28912491	28919699	600
28919699	28928389	650
28928389	28938949	900
28936327	28947115	750
28947115	29053543	800
29053543	29382434	750
29382434	29531444	700
29531444	29580439	650
29580439	29588111	600
29588111	29600540	650
29600540	29604667	600
29604667	29608479	550
29608479	29629475	500
29629475	29664701	450
29664701	29686660	400
29686660	29698772	350
29698772	29710017	300
29710017	29726246	250
29726246	29786438	200
29786438	29789957	250
29789957	29828706	200
29828706	29830951	150
29830951	29879716	100
29879716	30003098	50
30003098	30033979	100
30033979	30049789	150
30049789	30054112	200
30054112	30214088	250
30214088	30260864	200
30260864	30327102	150
30327102	30348032	200
30348032	30362760	250
30362760	30364556	200
30364556	30430075	250
30430075	30473390	200
30473390	30510329	150
30510329	30530757	100
30530757	30557959	50
30557959	30779369	0
30779369	30838644	50
30838644	30910156	0
30910156	30946374	50
30946374	31016565	0
31016565	31058703	50
31058703	31065733	100
31065733	31075011	150
31075011	31093177	200
31093177	31146063	150
31146063	31189181	200
31189181	31271740	250
31271740	31285219	300
31285219	31288204	350
31288204	31291587	400
31291587	31307705	450
31307705	31334387	400
31334387	31350839	350
31350839	31358606	400
31358606	31378267	350
31378267	31418502	300
31418502	31437557	350
31437557	31466430	400
31466430	31530811	450
31530811	31557932	500
31557932	31561058	550
31561058	31764819	600
31764819	31880504	650
31880504	39049819	700
39049819	42110247	650
42110247	43549669	600
43549669	44220530	550
44220530	44651900	500
44651900	44907090	450
44907090	45093995	400
45093995	45223752	350
45223752	45244970	300
45244970	45316146	250
45316146	45346979	300
45346979	45354631	350
45354631	45428552	400
45428552	45446822	450
45446822	45451345	500
45451345	45461549	550
45461549	45539614	600
45539614	45542644	550
45542644	45546521	500
45546521	45548990	450
45548990	45573817	400
45573817	45669685	450
45669685	45672713	400
45672713	45693633	350
45693633	45888152	300
45888152	45989287	250
45989287	46003116	200
46003116	46313802	150
46313802	46462034	200
46462034	46491670	250
46491670	46529750	300
46529750	46536147	350
46536147	46537547	400
46537547	46538588	450
46538588	46540713	500
46540713	46544997	550
46544997	46609399	500
46609399	46645691	550
46645691	46646217	500
46646217	46659074	550
46659074	46660713	500
46660713	46661106	550
46661106	46673995	500
46673995	46682238	450
46682238	46719619	500
46719619	46725807	450
46725807	46726186	500
46726186	46732061	450
46732061	46789362	500
46789362	46820113	450
46820113	46960900	400
46960900	46977252	450
46977252	46988981	500
46988981	47006596	550
47006596	47017960	600
47017960	47029200	650
47029200	47112922	700
47112922	47114378	650
47114378	47116568	600
47116568	47120929	550
47120929	47199341	500
47199341	47285816	550
47285816	47291123	600
47291123	47321262	650
47321262	47323945	700
47323945	47324054	650
47324054	47324523	700
47324523	47386850	650
47386850	47419743	700
47419743	47420104	750
47420104	47423394	700
47423394	47424308	750
47424308	47424502	700
47424502	47435207	750
47435207	47436941	800
47436941	47437953	750
47437953	47440425	800
47440425	47440470	750
47440470	47440913	800
47440913	47481418	750
47481418	47484115	800
47484115	47489435	750
47489435	47495480	700
47495480	47496686	750
47496686	47497868	700
47497868	47515106	750
47515106	47526504	800
47526504	47540419	750
47540419	47558232	800
47558232	47563050	850
47563050	47563346	800
47563346	47612082	850
47612082	47620625	800
47620625	47644201	850
47644201	47644985	800
47644985	47684656	850
47684656	47690196	800
47690196	47728473	850
47728473	47735771	800
47735771	47777687	750
47777687	47806725	800
47806725	47820792	750
47820792	47823631	800
47823631	47852157	750
47852157	47857436	800
47857436	47862725	850
47862725	47877475	800
47877475	47878434	750
47878434	47881453	800
47881453	47884729	750
47884729	47890145	800
47890145	47891834	850
47891834	47892582	800
47892582	47901625	850
47901625	47901700	800
47901700	47903616	850
47903616	47907416	800
47907416	47912559	850
47912559	47912739	800
47912739	47913957	850
47913957	47921837	800
47921837	48081952	850
48081952	48082872	800
48082872	48117776	850
48117776	48124365	800
48124365	48170342	850
48170342	48174031	800
48174031	48176651	850
48176651	48178820	800
48178820	48180407	850
48180407	48181670	800
48181670	48209158	850
48209158	48223547	800
48223547	48228483	750
48228483	48229185	800
48229185	48235716	750
48235716	48246092	800
48246092	48260182	850
48260182	48277641	900
48277641	48280811	850
48280811	48287599	900
48287599	48294658	850
48294658	48318987	900
48318987	48323443	850
48323443	48323914	800
48323914	48335894	850
48335894	48337737	800
48337737	48374313	850
48374313	48377891	900
48377891	48383594	850
48383594	48398879	900
48398879	48401065	850
48401065	48403054	900
48403054	48403896	850
48403896	48405721	900
48405721	48432120	850
48432120	48435491	900
48435491	48446039	850
48446039	48454468	900
48454468	48527156	850
48527156	48558846	800
48558846	48574736	750
48574736	48591378	700
48591378	48607251	650
48607251	48617433	600
48617433	48699221	550
48699221	48712616	600
48712616	48727322	650
48727322	48733730	600
48733730	48765066	550
48765066	48793935	500
48793935	48813691	450
48813691	48826867	400
48826867	48829725	450
48829725	48830592	500
48830592	48831712	550
48831712	48833413	600
48833413	48837817	650
48837817	48845079	700
48845079	48864389	750
48864389	48889140	700
48889140	48896368	650
48896368	48900678	600
48900678	48957691	550
48957691	48958493	600
48958493	48960122	650
48960122	48963917	700
48963917	48972060	750
48972060	48989766	800
48989766	48992885	850
48992885	48993232	800
48993232	49136142	850
49136142	49198796	800
49198796	49245523	750
49245523	49259442	800
49259442	49262594	750
49262594	49265030	700
49265030	49265905	650
49265905	49268741	700
49268741	49286702	650
49286702	49293621	600
49293621	49300916	550
49300916	49336687	500
49336687	49343153	450
49343153	49370835	500
49370835	49376269	450
49376269	49396125	500
49396125	49399698	550
49399698	49400034	600
49400034	49400594	650
49400594	49401595	700
49401595	49403288	750
49403288	49409332	800
49409332	49427474	850
49427474	49428387	800
49428387	49450042	850
49450042	49500168	900
49500168	49518430	850
49518430	49533983	900
49533983	49536335	850
49536335	49602228	900
49602228	49603098	850
49603098	49610014	900
49610014	49617000	850
49617000	49655159	900
49655159	49677438	850
49677438	49686827	900
49686827	49699495	850
49699495	49702118	900
49702118	49704867	850
49704867	49705484	900
49705484	49706138	850
49706138	49706859	900
49706859	49716035	850
49716035	49719079	800
49719079	49720481	750
49720481	49723027	700
49723027	49726194	650
49726194	49727829	600
49727829	49733915	550
49733915	49736925	600
49736925	49740102	650
49740102	49745205	700
49745205	49748866	750
49748866	49763425	800
49763425	49793412	850
49793412	49795612	900
49795612	49808198	850
49808198	49815599	900
49815599	49821314	850
49821314	49827738	900
49827738	49830384	850
49830384	49833734	900
49833734	49839030	850
49839030	49851746	900
49851746	49852470	850
49852470	49855221	900
49855221	49864573	850
49864573	49880434	900
49880434	49881355	950
49881355	49890411	900
49890411	49905007	850
49905007	49953644	900
49953644	49965487	950
49965487	49975684	900
49975684	49983788	950
49983788	49984717	900
49984717	49993996	950
49993996	49994708	900
49994708	49997726	950
49997726	50011843	900
50011843	50014851	950
50014851	50028641	900
50028641	50032172	850
50032172	50033441	800
50033441	50037050	850
50037050	50043194	900
50043194	50049882	950
50049882	50050290	900
50050290	50056543	950
50056543	50083358	900
50083358	50089215	850
50089215	50095707	900
50095707	50129984	950
50129984	50149454	900
50149454	50157979	950
50157979	50173706	900
50173706	50180165	950
50180165	50186763	900
50186763	50197335	950
50197335	50209745	900
50209745	50211758	950
50211758	50229668	900
50229668	50257592	950
50257592	50258798	900
50258798	50261049	950
50261049	50261620	900
50261620	50265500	950
50265500	50268549	900
50268549	50296071	850
50296071	50312703	900
50312703	50315617	850
50315617	50322190	900
50322190	50329293	850
50329293	50340498	900
50340498	50344791	850
50344791	50345913	900
50345913	50350417	950
50350417	50350762	900
50350762	50354397	850
50354397	50413989	900
50413989	50423737	950
50423737	50429443	900
50429443	50431370	950
50431370	50431838	900
50431838	50434961	950
50434961	50459792	900
50459792	50461291	950
50461291	50462603	900
50462603	50466575	950
50466575	50476568	900
50476568	50477790	850
50477790	50494858	900
50494858	50507493	950
50507493	50507999	900
50507999	50515052	950
50515052	50539783	900
50539783	50545428	850
50545428	50583404	900
50583404	50612043	950
50612043	50615501	900
50615501	50622242	950
50622242	50638717	900
50638717	50649212	850
50649212	50656063	900
50656063	50664431	850
50664431	50665684	800
50665684	50666757	850
50666757	50670248	800
50670248	50680078	850
50680078	50684099	800
50684099	50725550	850
50725550	50729098	900
50729098	50738644	850
50738644	50753264	900
50753264	50761269	850
50761269	50771548	800
50771548	50773599	850
50773599	50783162	900
50783162	50784969	850
50784969	50790900	900
50790900	50794221	850
50794221	50799071	900
50799071	50802704	850
50802704	50808575	900
50808575	50811413	850
50811413	50818358	900
50818358	50830316	850
50830316	50833713	900
50833713	50840629	850
50840629	50849084	800
50849084	50859659	750
50859659	50863812	800
50863812	50866307	850
50866307	50889494	900
50889494	50906514	850
50906514	50959482	900
50959482	50981248	850
50981248	51000957	900
51000957	51001057	850
51001057	51001371	900
51001371	51003186	850
51003186	51009539	800
51009539	51015363	750
51015363	51021871	700
51021871	51028048	650
51028048	51029580	600
51029580	51033636	650
51033636	51038858	700
51038858	51039797	750
51039797	51043651	800
51043651	51044273	850
51044273	51044370	800
51044370	51044832	850
51044832	51047545	800
51047545	51050755	750
51050755	51062683	700
51062683	51066002	750
51066002	51068272	800
51068272	51068891	850
51068891	51084105	900
51084105	51089947	850
51089947	51095747	900
51095747	51100136	850
51100136	51104154	800
51104154	51143962	750
51143962	51156085	800
51156085	51159622	850
51159622	51172088	800
51172088	51204193	850
51204193	51207663	900
51207663	51220030	950
51220030	51237607	900
51237607	51238954	950
51238954	51239388	900
51239388	51241395	950
51241395	51242859	900
51242859	51244871	950
51244871	51291158	900
51291158	51297529	850
51297529	51322320	800
51322320	51341257	850
51341257	51344009	900
51344009	51345085	850
51345085	51346568	900
51346568	51352914	850
51352914	51360456	900
51360456	51425399	850
51425399	51452631	900
51452631	51454948	850
51454948	51462155	900
51462155	51467266	850
51467266	51518544	900
51518544	51525111	850
51525111	51554738	900
51554738	51556466	850
51556466	51558802	900
51558802	51559078	850
51559078	51580127	900
51580127	51580718	850
51580718	51593540	900
51593540	51594135	850
51594135	51604923	900
51604923	51605925	850
51605925	51610502	900
51610502	51631185	850
51631185	51634829	800
51634829	51646094	750
51646094	51674452	700
51674452	51712818	650
51712818	51717336	600
51717336	51719952	550
51719952	51721845	500
51721845	51723225	450
51723225	51726010	400
51726010	51729191	350
51729191	51731435	300
51731435	51733415	250
51733415	51735181	200
51735181	51842390	150
51842390	51929565	200
51929565	51929801	250
51929801	51930139	300
51930139	51930519	350
51930519	51930825	400
51930825	51931252	450
51931252	51931845	500
51931845	51932680	550
51932680	51933871	600
51933871	51935656	650
51935656	51939024	700
51939024	51956340	750
51956340	51982147	700
51982147	51984536	650
51984536	51985913	600
51985913	51987178	550
51987178	52001218	500
52001218	52017167	450
52017167	52031957	400
52031957	52094941	350
52094941	52095040	400
52095040	52095208	450
52095208	52095505	500
52095505	52096005	550
52096005	52096993	600
52096993	52099458	650
52099458	52104718	700
52104718	52108577	650
52108577	52117198	600
52117198	52126676	550
52126676	52152817	500
52152817	52166475	450
52166475	52175988	400
52175988	52189393	350
52189393	52246910	300
52246910	52269073	250
52269073	52271659	300
52271659	52296566	350
52296566	52303134	400
52303134	52304365	450
52304365	52305862	500
52305862	52306855	550
52306855	52307813	600
52307813	52309399	650
52309399	52311957	700
52311957	52319584	750
52319584	52323593	800
52323593	52324754	750
52324754	52330513	800
52330513	52338565	750
52338565	52350841	800
52350841	52357991	850
52357991	52364139	800
52364139	52367616	750
52367616	52385739	800
52385739	52406847	850
52406847	52411786	900
52411786	52416073	850
52416073	52422243	800
52422243	52482838	850
52482838	52483061	900
52483061	52486047	850
52486047	52487028	900
52487028	52487196	850
52487196	52506053	900
52506053	52507426	850
52507426	52513806	900
52513806	52515071	850
52515071	52515938	900
52515938	52516511	850
52516511	52525193	900
52525193	52525391	850
52525391	52525576	900
52525576	52525627	850
52525627	52535410	900
52535410	52539956	850
52539956	52553180	900
52553180	52555968	950
52555968	52556195	900
52556195	52558187	950
52558187	52559368	900
52559368	52559779	950
52559779	52561189	900
52561189	52562694	950
52562694	52563484	900
52563484	52565922	950
52565922	52566357	900
52566357	52574002	950
52574002	52574757	900
52574757	52575782	950
52575782	52577093	900
52577093	52577633	950
52577633	52581634	900
52581634	52582204	950
52582204	52590440	900
52590440	52592337	850
52592337	52594776	900
52594776	52607632	850
52607632	52622108	800
52622108	52638630	850
52638630	52641980	800
52641980	52655729	750
52655729	52662605	800
52662605	52664717	850
52664717	52665842	900
52665842	52674571	950
52674571	52675148	900
52675148	52675523	950
52675523	52677564	900
52677564	52678591	850
52678591	52700988	900
52700988	52703036	850
52703036	52712557	900
52712557	52719509	950
52719509	52720516	900
52720516	52730762	950
52730762	52732401	900
52732401	52735439	950
52735439	52736380	900
52736380	52738380	950
52738380	52739089	900
52739089	52740617	950
52740617	52742372	900
52742372	52762410	950
52762410	52765680	900
52765680	52796394	950
52796394	52797596	900
52797596	52800848	950
52800848	52809590	900
52809590	52828999	950
52828999	52845427	900
52845427	52867364	950
52867364	52874827	900
52874827	52876623	850
52876623	52884719	900
52884719	52933098	950
52933098	52933495	900
52933495	52936662	950
52936662	52943077	900
52943077	52965091	950
52965091	52971290	900
52971290	52982744	850
52982744	52994678	900
52994678	53021595	950
53021595	53024618	900
53024618	53073570	950
53073570	53078573	900
53078573	53079226	950
53079226	53082720	900
53082720	53107469	950
53107469	53112889	900
53112889	53115354	850
53115354	53129676	900
53129676	53139896	850
53139896	53142627	900
53142627	53167027	950
53167027	53189915	900
53189915	53205563	850
53205563	53219607	800
53219607	53223363	850
53223363	53224518	800
53224518	53227516	850
53227516	53230309	900
53230309	53238650	950
53238650	53239686	900
53239686	53245821	950
53245821	53246652	900
53246652	53273466	950
53273466	53273800	900
53273800	53277941	950
53277941	53283356	900
53283356	53287477	950
53287477	53289790	900
53289790	53294413	950
53294413	53294960	900
53294960	53325474	950
53325474	53329778	900
53329778	53332489	950
53332489	53335106	900
53335106	53336786	950
53336786	53409750	900
53409750	53427853	950
53427853	53481198	900
53481198	53483168	850
53483168	53486786	900
53486786	53492528	850
53492528	53494003	800
53494003	53494637	750
53494637	53500926	700
53500926	53507097	650
53507097	53530699	600
53530699	53536710	650
53536710	53539616	700
53539616	53545806	750
53545806	53550224	800
53550224	53550994	850
53550994	53553731	900
53553731	53560113	950
53560113	53561002	900
53561002	53562231	950
53562231	53562335	900
53562335	53607646	950
53607646	53610706	900
53610706	53629122	950
53629122	53630106	900
53630106	53636026	950
53636026	53643921	900
53643921	53647134	950
53647134	53649613	900
53649613	53729339	950
53729339	53730956	900
53730956	53736324	950
53736324	53739669	900
53739669	53740905	950
53740905	53741512	900
53741512	53743472	950
53743472	53743805	900
53743805	53760163	950
53760163	53762524	900
53762524	53770460	950
53770460	53772292	900
53772292	53803307	950
53803307	53829510	900
53829510	53845049	950
53845049	53873556	900
53873556	53878383	850
53878383	53878601	900
53878601	53886698	850
53886698	53897815	800
53897815	53906999	750
53906999	53923454	700
53923454	53932126	750
53932126	53937008	800
53937008	53940533	850
53940533	53956581	900
53956581	53961677	850
53961677	53967630	900
53967630	54007124	850
54007124	54070733	900
54070733	54073877	850
54073877	54092307	800
54092307	54094159	750
54094159	54102110	700
54102110	54104228	750
54104228	54127649	700
54127649	54144718	650
54144718	54174845	700
54174845	54175916	750
54175916	54177324	800
54177324	54184951	850
54184951	54205121	900
54205121	54269348	850
54269348	54278251	900
54278251	54295777	850
54295777	54437332	900
54437332	54458946	850
54458946	54462996	900
54462996	54463449	850
54463449	54463834	900
54463834	54598296	850
54598296	54598890	800
54598890	54599777	850
54599777	54606856	800
54606856	54609192	850
54609192	54615006	800
54615006	54632968	850
54632968	54640590	800
54640590	54646967	850
54646967	54650428	800
54650428	54651290	750
54651290	54655565	700
54655565	54690622	650
54690622	54702818	600
54702818	54799277	550
54799277	54843121	500
54843121	54847746	550
54847746	54851883	600
54851883	54859928	650
54859928	54863545	700
54863545	54880965	750
54880965	54887784	800
54887784	54887812	750
54887812	54909789	800
54909789	54910485	750
54910485	54916299	800
54916299	54931813	750
54931813	54937911	700
54937911	54941514	650
54941514	54944330	600
54944330	54946547	550
54946547	54949984	500
54949984	55016904	450
55016904	55068669	400
55068669	55106404	450
55106404	55122555	500
55122555	55127349	550
55127349	55131012	600
55131012	55132048	650
55132048	55133836	700
55133836	55137133	750
55137133	55170260	800
55170260	55293527	850
55293527	55299920	800
55299920	55302171	750
55302171	55303180	700
55303180	55304221	650
55304221	55304782	600
55304782	55318446	550
55318446	55336766	500
55336766	55358440	450
55358440	55361386	400
55361386	55372991	450
55372991	55374248	400
55374248	55381788	450
55381788	55444620	500
55444620	55448179	550
55448179	55452869	600
55452869	55454617	650
55454617	55455936	700
55455936	55458960	750
55458960	55464317	800
55464317	55469313	850
55469313	55509990	800
55509990	55523224	750
55523224	55538763	700
55538763	55539232	750
55539232	55540650	800
55540650	55551440	850
55551440	55608618	900
55608618	55614858	850
55614858	55626348	800
55626348	55714680	850
55714680	55722487	800
55722487	55724795	750
55724795	55725908	700
55725908	55731742	650
55731742	55739120	600
55739120	55787183	550
55787183	55840843	500
55840843	55848862	550
55848862	55852669	600
55852669	55858359	650
55858359	55870578	700
55870578	55878036	750
55878036	55880944	800
55880944	55933612	850
55933612	55971398	800
55971398	55979930	750
55979930	56002167	700
56002167	56022358	650
56022358	56045115	600
56045115	56064687	550
56064687	56067138	600
56067138	56068800	650
56068800	56075480	700
56075480	56089780	750
56089780	56099438	800
56099438	56180071	850
56180071	56242325	900
56242325	56289196	850
56289196	56311580	800
56311580	56323251	750
56323251	56324457	800
56324457	56328028	750
56328028	56334274	800
56334274	56342527	750
56342527	56361041	700
56361041	56364014	650
56364014	56387511	700
56387511	56401633	750
56401633	56404818	800
56404818	56502293	850
56502293	56517395	800
56517395	56537188	850
56537188	56558286	800
56558286	56573682	750
56573682	56581309	700
56581309	56584801	650
56584801	56586214	600
56586214	56594960	550
56594960	56611547	600
56611547	56642517	650
56642517	56703319	700
56703319	56708077	650
56708077	56742129	600
56742129	56791055	550
56791055	56793159	600
56793159	56795602	650
56795602	56799896	700
56799896	56847092	750
56847092	56889492	700
56889492	56909032	750
56909032	56922699	800
56922699	56977371	850
56977371	57014457	800
57014457	57081270	850
57081270	57086757	800
57086757	57091403	750
57091403	57095162	700
57095162	57097370	650
57097370	57099106	600
57099106	57100235	550
57100235	57101310	500
57101310	57102328	450
57102328	57103061	400
57103061	57103597	350
57103597	57105602	300
57105602	57114893	250
57114893	57200330	200
57200330	57208901	250
57208901	57219970	300
57219970	57223510	350
57223510	57226491	400
57226491	57235522	450
57235522	57240713	500
57240713	57241864	550
57241864	57243660	600
57243660	57247256	650
57247256	57250494	700
57250494	57265740	650
57265740	57274177	600
57274177	57292013	650
57292013	57293976	700
57293976	57329594	650
57329594	57412038	700
57412038	57419179	750
57419179	57427278	800
57427278	57427735	850
57427735	57429183	800
57429183	57433553	850
57433553	57458302	800
57458302	57549045	850
57549045	57551692	800
57551692	57558701	850
57558701	57589188	900
57589188	57591026	950
57591026	57591562	900
57591562	57597555	950
57597555	57597799	900
57597799	57603447	950
57603447	57603866	900
57603866	57605969	950
57605969	57606702	900
57606702	57613483	950
57613483	57621612	900
57621612	57653351	850
57653351	57655728	800
57655728	57698160	850
57698160	57718929	800
57718929	57728214	850
57728214	57741994	900
57741994	57752832	950
57752832	57754029	900
57754029	57754553	950
57754553	57755930	900
57755930	57761426	950
57761426	57762142	900
57762142	57764613	950
57764613	57765474	900
57765474	57780916	950
57780916	57786470	900
57786470	57789972	950
57789972	57790803	900
57790803	57799611	950
57799611	57801672	900
57801672	57829300	850
57829300	57838686	900
57838686	57847290	850
57847290	57853017	800
57853017	57893628	750
57893628	57898808	800
57898808	57930726	850
57930726	57966263	900
57966263	57968740	950
57968740	57979198	900
57979198	57982147	950
57982147	58015195	900
58015195	58027672	850
58027672	58049974	900
58049974	58075901	950
58075901	58077445	900
58077445	58081637	950
58081637	58092312	900
58092312	58093630	850
58093630	58102944	900
58102944	58117560	950
58117560	58119458	900
58119458	58154736	950
58154736	58166076	900
58166076	58177828	950
58177828	58203182	900
58203182	58206573	950
58206573	58207118	900
58207118	58342496	950
58342496	58356612	900
58356612	58396170	850
58396170	58412790	900
58412790	58416446	950
58416446	58418959	900
58418959	58494429	950
58494429	58536351	900
58536351	58540817	950
58540817	58601986	900
58601986	58616260	950
58616260	58622538	900
58622538	58635116	950
58635116	58636435	900
58636435	58651130	950
58651130	58653812	900
58653812	58705680	950
58705680	58729136	900
58729136	58733265	950
58733265	58736776	900
58736776	58740655	950
58740655	58743878	900
58743878	58763761	950
58763761	58768849	900
58768849	58803821	950
58803821	58813767	900
58813767	58832518	850
58832518	58854887	900
58854887	58859568	950
58859568	58860630	900
58860630	58872251	950
58872251	58884760	900
58884760	58912719	850
58912719	58914893	900
58914893	58919358	950
58919358	58921642	900
58921642	58922667	950
58922667	58923528	900
58923528	58951927	950
58951927	58956543	900
58956543	58979420	950
58979420	58982108	900
58982108	58984181	950
58984181	58987411	900
58987411	58995383	950
58995383	59016300	900
59016300	59030036	950
59030036	59037713	900
59037713	59041270	950
59041270	59046029	900
59046029	59062511	950
59062511	59064384	900
59064384	59076664	950
59076664	59078582	900
59078582	59083831	950
59083831	59099093	900
59099093	59100455	950
59100455	59138639	900
59138639	59172941	950
59172941	59202504	900
59202504	59204169	850
59204169	59214959	900
59214959	59225659	950
59225659	59236751	900
59236751	59243647	850
59243647	59295290	900
59295290	59312573	950
59312573	59322527	900
59322527	59323657	850
59323657	59334639	900
59334639	59343069	950
59343069	59345161	900
59345161	59370486	950
59370486	59381577	900
59381577	59413193	850
59413193	59489022	900
59489022	59502102	850
59502102	59521095	900
59521095	59524318	950
59524318	59543093	900
59543093	59572785	850
59572785	59588309	900
59588309	59593156	950
59593156	59600033	900
59600033	59658828	950
59658828	59673129	900
59673129	59694696	950
59694696	59695669	900
59695669	59705237	950
59705237	59712803	900
59712803	59750887	950
59750887	59768944	900
59768944	59778943	850
59778943	59801271	800
59801271	59807337	900
59810312	59826735	800
59826735	59850253	850
59850253	59885202	800
59885202	59906805	850
59906805	59942342	900
59942342	59951587	950
59951587	59967043	900
59967043	59977674	850
59977674	59983681	900
59983681	60006570	950
60006570	60007977	900
60007977	60008704	950
60008704	60012694	900
60012694	60014842	850
60014842	60018575	800
60018575	60084940	750
60084940	60120724	800
60120724	60155838	850
60155838	60156989	800
60156989	60159140	850
60159140	60161524	800
60161524	60180882	850
60180882	60200871	800
60200871	60201329	850
60201329	60201623	800
60201623	60204284	850
60204284	60209619	800
60209619	60218095	750
60218095	60227498	700
60227498	60236474	650
60236474	60265341	600
60265341	60321748	650
60321748	60325800	700
60325800	60327959	750
60327959	60328094	800
60328094	60328679	750
60328679	60337291	800
60337291	60353924	750
60353924	60358016	700
60358016	60362511	650
60362511	60440687	600
60440687	60487771	550
60487771	60499872	600
60499872	60501540	650
60501540	60503942	700
60503942	60537655	750
60537655	60550301	800
60550301	60554336	850
60554336	60576484	900
60576484	60580410	850
60580410	60581073	800
60581073	60600178	850
60600178	60609395	800
60609395	60618477	750
60618477	60635110	700
60635110	60643547	750
60643547	60666442	800
60666442	60689086	850
60689086	60690108	900
60690108	60692938	850
60692938	60695881	900
60695881	60702623	850
60702623	60717595	900
60717595	60742569	850
60742569	60763516	900
60763516	60771917	850
60771917	60784349	900
60784349	60794849	950
60794849	60798829	900
60798829	60813656	950
60813656	60826810	900
60826810	60829931	950
60829931	60878097	900
60878097	60888079	950
60888079	60888971	900
60888971	60913228	950
60913228	60913647	900
60913647	60932361	950
60932361	60934764	900
60934764	60971403	950
60971403	60974399	900
60974399	61011370	950
61011370	61019720	900
61019720	61040900	950
61040900	61046618	900
61046618	61087779	950
61087779	61122791	900
61122791	61130948	950
61130948	61142264	900
61142264	61151221	950
61151221	61162298	900
61162298	61180144	950
61180144	61182293	900
61182293	61211967	950
61211967	61218284	900
61218284	61243651	950
61243651	61244748	900
61244748	61266290	950
61266290	61273103	900
61273103	61285309	850
61285309	61293032	800
61293032	61309320	850
61309320	61324449	900
61324449	61328952	950
61328952	61349579	900
61349579	61353424	950
61353424	61353852	900
61353852	61356746	950
61356746	61366889	900
61366889	61391234	950
61391234	61416577	900
61416577	61418012	950
61418012	61418624	900
61418624	61420977	950
61420977	61421375	900
61421375	61447806	950
61447806	61448516	900
61448516	61451960	950
61451960	61463928	900
61463928	61488296	950
61488296	61504401	900
61504401	61523431	950
61523431	61583741	900
61583741	61588811	950
61588811	61612923	900
61612923	61633958	850
61633958	61650109	900
61650109	61662658	850
61662658	61690781	900
61690781	61699971	950
61699971	61705132	900
61705132	61726732	950
61726732	61805381	900
61805381	61812645	850
61812645	61848822	900
61848822	61872984	850
61872984	61921221	800
61921221	61940720	850
61940720	61946513	900
61946513	61964869	950
61964869	61994985	900
61994985	62013728	950
62013728	62067076	900
62067076	62117668	950
62117668	62133497	900
62133497	62159163	950
62159163	62216494	900
62216494	62238874	950
62238874	62246217	900
62246217	62255645	950
62255645	62265979	900
62265979	62273010	950
62273010	62292829	900
62292829	62355823	950
62355823	62384265	900
62384265	62398536	950
62398536	62509034	900
62509034	62513504	950
62513504	62544718	900
62544718	62550034	950
62550034	62550693	900
62550693	62557331	950
62557331	62669415	900
62669415	62675299	950
62675299	62710857	900
62710857	62731215	850
62731215	62746277	900
62746277	62758696	950
62758696	62760829	900
62760829	62765895	950
62765895	62783602	900
62783602	62786624	950
62786624	62787017	900
62787017	62790216	950
62790216	62827587	900
62827587	62836501	850
62836501	62840054	900
62840054	62843116	850
62843116	62870331	900
62870331	62931011	850
62931011	62942662	900
62942662	62958318	850
62958318	62982146	900
62982146	63035110	850
63035110	63049044	800
63049044	63072109	850
63072109	63075497	800
63075497	63091361	850
63091361	63093947	800
63093947	63146692	750
63146692	63167364	800
63167364	63172795	850
63172795	63177153	800
63177153	63215727	750
63215727	63229192	800
63229192	63237421	850
63237421	63255608	900
63255608	63274367	850
63274367	63282084	900
63282084	63296692	850
63296692	63312444	800
63312444	63361663	750
63361663	63366539	800
63366539	63415215	850
63415215	63417288	800
63417288	63440840	850
63440840	63444077	900
63444077	63445538	850
63445538	63455755	900
63455755	63457124	850
63457124	63457716	900
63457716	63468890	850
63468890	63479678	800
63479678	63482051	750
63482051	63488218	800
63488218	63491998	750
63491998	63494062	700
63494062	63498432	650
63498432	63501417	600
63501417	63505415	550
63505415	63520356	500
63520356	63534392	450
63534392	63588810	400
63588810	63626057	450
63626057	63634434	500
63634434	63646990	550
63646990	63671549	600
63671549	63683781	650
63683781	63686113	700
63686113	63687247	750
63687247	63690276	800
63690276	63697225	850
63697225	63699721	800
63699721	63708898	850
63708898	63710677	800
63710677	63716703	850
63716703	63718957	800
63718957	63759045	750
63759045	63767120	800
63767120	63771427	850
63771427	63778533	800
63778533	63783939	850
63783939	63797204	900
63797204	63797697	850
63797697	63801652	900
63801652	63844382	850
63844382	63855755	900
63855755	63862246	850
63862246	63868885	900
63868885	63893435	850
63893435	63909681	800
63909681	63913959	850
63913959	63924758	900
63924758	63926495	850
63926495	63929821	800
63929821	63948746	750
63948746	63965866	800
63965866	63968056	850
63968056	63969225	800
63969225	63993336	850
63993336	64021025	800
64021025	64028910	850
64028910	64033206	800
64033206	64042436	850
64042436	64059933	800
64059933	64062829	850
64062829	64074529	800
64074529	64077704	750
64077704	64094847	800
64094847	64096682	850
64096682	64137414	900
64137414	64140193	850
64140193	64151215	900
64151215	64154246	850
64154246	64163344	900
64163344	64167947	850
64167947	64170331	900
64170331	64174549	850
64174549	64176827	900
64176827	64188977	850
64188977	64192568	800
64192568	64196823	850
64196823	64198732	800
64198732	64199729	850
64199729	64214473	800
64214473	64233679	850
64233679	64243132	800
64243132	64258003	850
64258003	64264299	900
64264299	64290997	850
64290997	64293191	900
64293191	64312459	850
64312459	64313874	800
64313874	64337349	850
64337349	64347360	900
64347360	64351836	850
64351836	64391706	800
64391706	64396186	850
64396186	64407385	900
64407385	64425508	850
64425508	64452251	900
64452251	64452888	850
64452888	64465839	900
64465839	64510397	850
64510397	64515856	800
64515856	64523426	850
64523426	64524753	800
64524753	64542203	850
64542203	64546283	800
64546283	64569288	850
64569288	64570483	800
64570483	64572858	850
64572858	64588969	800
64588969	64595711	850
64595711	64605404	800
64605404	64626658	850
64626658	64637296	800
64637296	64649312	850
64649312	64650171	800
64650171	64652639	850
64652639	64704829	800
64704829	64708640	750
64708640	64718770	800
64718770	64722481	750
64722481	64731737	800
64731737	64746078	750
64746078	64753010	800
64753010	64787448	750
64787448	64798800	800
64798800	64829324	750
64829324	64831971	800
64831971	64862517	750
64862517	64908275	700
64908275	64928617	650
64928617	64929409	600
64929409	64933207	650
64933207	64955827	600
64955827	64960874	550
64960874	64969820	500
64969820	64974910	450
64974910	65047753	400
65047753	65061215	350
65061215	65106585	300
65106585	65193506	250
65193506	65283178	200
65283178	65292426	150
65292426	65296413	100
65296413	65450965	50
65450965	65505567	100
65505567	65523549	150
65523549	65537036	100
65537036	65604701	150
65604701	65684606	100
65684606	65710089	50
65710089	66141029	0
66141029	66195189	50
66195189	66968701	0
66968701	66987308	50
66987308	66988328	100
66988328	66989488	150
66989488	67084233	200
67084233	67115385	250
67115385	67169305	200
67169305	67239711	250
67239711	67251474	300
67251474	67329250	250
67329250	67383155	300
67383155	67400352	350
67400352	67489259	300
67489259	67656415	250
67656415	67679500	200
67679500	67696444	150
67696444	67751589	100
67751589	67781996	50
67781996	67907924	100
67907924	67990270	150
67990270	67991372	200
67991372	67993280	250
67993280	68053888	300
68053888	68057118	250
68057118	68066255	300
68066255	68067906	350
68067906	68069902	400
68069902	68095366	450
68095366	68098835	400
68098835	68101667	350
68101667	68103793	300
68103793	68105201	250
68105201	68117822	200
68117822	68133540	150
68133540	68202387	100
68202387	68307883	50
68307883	68351496	100
68351496	68414158	150
68414158	68689077	200
68689077	68827302	150
68827302	68968106	100
68968106	68993404	50
68993404	69188678	100
69188678	69194783	150
69194783	69196560	200
69196560	69238767	250
69238767	69246172	300
69246172	69250426	350
69250426	69254598	400
69254598	69278453	450
69278453	69290913	400
69290913	69401690	450
69401690	69488887	500
69488887	69499365	550
69499365	69500083	500
69500083	69521443	550
69521443	69560638	600
69560638	69570944	550
69570944	69592405	600
69592405	69706365	650
69706365	69727139	600
69727139	69728800	550
69728800	69729546	600
69729546	69746876	550
69746876	69758295	500
69758295	69765567	450
69765567	69769859	400
69769859	69841810	350
69841810	69910002	300
69910002	69938048	350
69938048	70000906	300
70000906	70059288	250
70059288	70114908	200
70114908	70139872	150
70139872	70202726	100
70202726	70539623	50
70539623	70557194	100
70557194	70586527	150
70586527	70588824	200
70588824	70673716	150
70673716	70723270	100
70723270	70792016	150
70792016	70805191	200
70805191	70823096	250
70823096	70891053	200
70891053	71013314	150
71013314	71110852	100
71110852	71370126	150
71370126	71400957	100
71400957	71422168	150
71422168	71431096	200
71431096	71435566	250
71435566	71437518	300
71437518	71455535	350
71455535	71467926	400
71467926	71469395	450
71469395	71471462	500
71471462	71474771	550
71474771	71488474	600
71488474	71548851	650
71548851	71551326	600
71551326	71554253	650
71554253	71580260	700
71580260	71648880	750
71648880	71651024	800
71651024	71653641	750
71653641	71690857	800
71690857	71697507	850
71697507	71711763	800
71711763	71733576	750
71733576	71734401	700
71734401	71735025	750
71735025	71737507	700
71737507	71773294	750
71773294	71784335	800
71784335	71787193	850
71787193	71793751	800
71793751	71810692	750
71810692	71817720	800
71817720	71825973	750
71825973	71837543	800
71837543	71908581	850
71908581	71912312	800
71912312	71945881	850
71945881	71947945	800
71947945	71959942	850
71959942	71965849	800
71965849	71979812	850
71979812	71980644	800
71980644	71981472	850
71981472	71982757	800
71982757	71986826	850
71986826	71998394	800
71998394	72020166	850
72020166	72029065	900
72029065	72047932	850
72047932	72054946	900
72054946	72056448	850
72056448	72068128	900
72068128	72073725	850
72073725	72076588	800
72076588	72084612	850
72084612	72097891	800
72097891	72100293	850
72100293	72116409	900
72116409	72120165	850
72120165	72199307	900
72199307	72206640	850
72206640	72210024	800
72210024	72212439	850
72212439	72223621	800
72223621	72231991	850
72231991	72250265	900
72250265	72256103	850
72256103	72260391	900
72260391	72264010	850
72264010	72322231	900
72322231	72323217	850
72323217	72408802	900
72408802	72409979	850
72409979	72413333	900
72413333	72415600	850
72415600	72422068	900
72422068	72423546	850
72423546	72432123	900
72432123	72448792	850
72448792	72460153	900
72460153	72470580	850
72470580	72473888	900
72473888	72474427	850
72474427	72475311	900
72475311	72478052	850
72478052	72481614	900
72481614	72484888	850
72484888	72498600	900
72498600	72503919	850
72503919	72507337	900
72507337	72509574	850
72509574	72536872	900
72536872	72538093	850
72538093	72557458	900
72557458	72560370	850
72560370	72561208	900
72561208	72568655	850
72568655	72587865	900
72587865	72589634	850
72589634	72611754	900
72611754	72612101	850
72612101	72653458	900
72653458	72662246	850
72662246	72668016	900
72668016	72671666	850
72671666	72674151	900
72674151	72675928	850
72675928	72687996	900
72687996	72700351	850
72700351	72757206	800
72757206	72759925	750
72759925	72765851	700
72765851	72834640	650
72834640	72845250	600
72845250	72874742	550
72874742	72896079	600
72896079	72949296	650
72949296	72990460	700
72990460	73028110	650
73028110	73038241	600
73038241	73039154	550
73039154	73043037	500
73043037	73044102	450
73044102	73044792	500
73044792	73047061	450
73047061	73048425	500
73048425	73090967	450
73090967	73216897	500
73216897	73258701	550
73258701	73274082	600
73274082	73279039	650
73279039	73281153	700
73281153	73284441	750
73284441	73292835	800
73292835	73298525	850
73298525	73323419	800
73323419	73475504	850
73475504	73485337	800
73485337	73491671	750
73491671	73500068	800
73500068	73517370	750
73517370	73525953	800
73525953	73538833	850
73538833	73587470	800
73587470	73592912	750
73592912	73685631	700
73685631	73702879	650
73702879	73709727	700
73709727	73761956	750
73761956	73762240	700
73762240	73765468	750
73765468	73774801	800
73774801	73779952	850
73779952	73802987	800
73802987	73817652	750
73817652	73839887	700
73839887	73863332	750
73863332	73871884	700
73871884	73951466	650
73951466	74015991	600
74015991	74074928	650
74074928	74077507	700
74077507	74078048	750
74078048	74083320	800
74083320	74085075	750
74085075	74105699	700
74105699	74135672	650
74135672	74154173	600
74154173	74175487	550
74175487	74202930	500
74202930	74243284	450
74243284	74260524	500
74260524	74269498	550
74269498	74272199	600
74272199	74307602	650
74307602	74355248	700
74355248	74384507	750
74384507	74385007	700
74385007	74385193	750
74385193	74385859	700
74385859	74465963	750
74465963	74487880	800
74487880	74511025	850
74511025	74516160	800
74516160	74526775	850
74526775	74531917	900
74531917	74532162	850
74532162	74536137	900
74536137	74542196	850
74542196	74543392	900
74543392	74545592	850
74545592	74548805	900
74548805	74553453	850
74553453	74555754	900
74555754	74567233	850
74567233	74573181	900
74573181	74576037	850
74576037	74623906	900
74623906	74642159	850
74642159	74671395	900
74671395	74716174	850
74716174	74743576	900
74743576	74757427	850
74757427	74759597	800
74759597	74766195	850
74766195	74771461	800
74771461	74793265	850
74793265	74799359	900
74799359	74801090	850
74801090	74866350	900
74866350	74870182	850
74870182	74872475	800
74872475	74880112	850
74880112	74883445	900
74883445	74929389	850
74929389	74940763	900
74940763	74950331	850
74950331	74964382	900
74964382	74967191	850
74967191	74982914	900
74982914	75044447	850
75044447	75044611	800
75044611	75076004	850
75076004	75082315	900
75082315	75103708	850
75103708	75109088	900
75109088	75111130	850
75111130	75111563	800
75111563	75119854	750
75119854	75126515	700
75126515	75127653	750
75127653	75132870	700
75132870	75147180	750
75147180	75152600	800
75152600	75158607	850
75158607	75194643	900
75194643	75197256	850
75197256	75202749	900
75202749	75206725	850
75206725	75211812	900
75211812	75222087	850
75222087	75254054	800
75254054	75259839	750
75259839	75267745	800
75267745	75267953	750
75267953	75273044	800
75273044	75276795	750
75276795	75312394	800
75312394	75313402	750
75313402	75354052	800
75354052	75366549	850
75366549	75370259	800
75370259	75388604	850
75388604	75394695	800
75394695	75413846	850
75413846	75496660	900
75496660	75498908	850
75498908	75537105	900
75537105	75541110	850
75541110	75552233	900
75552233	75573763	850
75573763	75600312	900
75600312	75601227	850
75601227	75607918	900
75607918	75634850	850
75634850	75644835	800
75644835	75681350	850
75681350	75687228	800
75687228	75689830	850
75689830	75698012	800
75698012	75774069	850
75774069	75786430	800
75786430	75787594	750
75787594	75819400	800
75819400	75828259	850
75828259	75844934	800
75844934	75848071	850
75848071	75872366	800
75872366	75892716	750
75892716	75899001	800
75899001	75937648	750
75937648	75944936	800
75944936	75945244	750
75945244	75946272	800
75946272	75961623	750
75961623	75971006	800
75971006	76001131	850
76001131	76054171	900
76054171	76054724	850
76054724	76100378	900
76100378	76102713	850
76102713	76163676	900
76163676	76167937	950
76167937	76189352	900
76189352	76194781	950
76194781	76196644	900
76196644	76201720	950
76201720	76212974	900
76212974	76216558	950
76216558	76217978	900
76217978	76273909	950
76273909	76279808	900
76279808	76285949	950
76285949	76289895	900
76289895	76337562	950
76337562	76338058	900
76338058	76343956	950
76343956	76344639	900
76344639	76348250	950
76348250	76349301	900
76349301	76351766	950
76351766	76354228	900
76354228	76361736	950
76361736	76426133	900
76426133	76434076	950
76434076	76434832	900
76434832	76441102	950
76441102	76470815	900
76470815	76476232	950
76476232	76476297	900
76476297	76476476	950
76476476	76476946	900
76476946	76507927	950
76507927	76509924	900
76509924	76529264	950
76529264	76535134	900
76535134	76568632	850
76568632	76578697	800
76578697	76600244	850
76600244	76637731	800
76637731	76715113	850
76715113	76715489	900
76715489	76715850	850
76715850	76717765	900
76717765	76720484	850
76720484	76723333	900
76723333	76739264	850
76739264	76802713	900
76802713	76804818	950
76804818	76805390	900
76805390	76813761	950
76813761	76814293	900
76814293	76822529	950
76822529	76822849	900
76822849	76837964	950
76837964	76838304	900
76838304	76841118	950
76841118	76851160	900
76851160	76859620	950
76859620	76863648	900
76863648	76925222	950
76925222	76926632	900
76926632	76939022	950
76939022	76939556	900
76939556	76943945	950
76943945	76947883	900
76947883	76952622	950
76952622	76986358	900
76986358	77016069	950
77016069	77031334	900
77031334	77058250	950
77058250	77072804	900
77072804	77073036	950
77073036	77083840	900
77083840	77085869	950
77085869	77086613	900
77086613	77094586	950
77094586	77097702	900
77097702	77103127	950
77103127	77103674	900
77103674	77129194	950
77129194	77130720	900
77130720	77138889	950
77138889	77141980	900
77141980	77407685	950
77407685	77408981	900
77408981	77549015	950
77549015	77549924	900
77549924	77755677	950
77755677	77757543	900
77757543	77761704	950
77761704	77763606	900
77763606	77792709	950
77792709	77795625	900
77795625	77825833	950
77825833	77826087	900
77826087	77828228	950
77828228	77828874	900
77828874	77960828	950
77960828	77966983	900
77966983	77971864	950
77971864	77974579	900
77974579	77976097	950
77976097	77980014	900
77980014	78115008	950
78115008	78120923	900
78120923	78148214	950
78148214	78174784	900
78174784	78176947	850
78176947	78176962	900
78176962	78178426	850
78178426	78182444	900
78182444	78187273	850
78187273	78189476	800
78189476	78190940	850
78190940	78193226	900
78193226	78197365	850
78197365	78205682	900
78205682	78222546	950
78222546	78228073	900
78228073	78229432	950
78229432	78229819	900
78229819	78232236	950
78232236	78233165	900
78233165	78235912	950
78235912	78237308	900
78237308	78264149	950
78264149	78266653	900
78266653	78306172	950
78306172	78307278	900
78307278	78343024	950
78343024	78344074	900
78344074	78350411	950
78350411	78354461	900
78354461	78355730	950
78355730	78357098	900
78357098	78373610	950
78373610	78375296	900
78375296	78381467	950
78381467	78402921	900
78402921	78410488	950
78410488	78411885	900
78411885	78420455	950
78420455	78423312	900
78423312	78454046	950
78454046	78455445	900
78455445	78519801	950
78519801	78551921	900
78551921	78555863	950
78555863	78568269	900
78568269	78572314	950
78572314	78573272	900
78573272	78578483	950
78578483	78579557	900
78579557	78603001	950
78603001	78603593	900
78603593	78604332	950
78604332	78604968	900
78604968	78637219	950
78637219	78638283	900
78638283	78656391	950
78656391	78659919	900
78659919	78668280	950
78668280	78672768	900
78672768	78682981	950
78682981	78716938	900
78716938	78752161	950
78752161	78792586	900
78792586	78805724	950
78805724	78811775	900
78811775	79008166	950
79008166	79026016	900
79026016	79040083	950
79040083	79041721	900
79041721	79070221	950
79070221	79071097	900
79071097	79072193	950
79072193	79073033	900
79073033	79120518	950
79120518	79130684	900
79130684	79148892	850
79148892	79228455	900
79228455	79243953	950
79243953	79272070	900
79272070	79279623	850
79279623	79331947	900
79331947	79387268	950
79387268	79404630	900
79404630	79428265	950
79428265	79429122	900
79429122	79445324	950
79445324	79450471	900
79450471	79490929	950
79490929	79494962	900
79494962	79500948	950
79500948	79501840	900
79501840	79507650	950
79507650	79514165	900
79514165	79515518	850
79515518	79522588	800
79522588	79562025	750
79562025	79593738	700
79593738	79678626	650
79678626	79692922	700
79692922	79701234	750
79701234	79707570	800
79707570	79716488	850
79716488	79750317	900
79750317	79770057	950
79770057	79847346	900
79847346	79899821	850
79899821	79968180	800
79968180	79972009	750
79972009	79976863	800
79976863	79984751	850
79984751	79992561	900
79992561	80259239	950
80259239	80314164	900
80314164	80430922	950
80430922	80507602	900
80507602	80523564	850
80523564	80586123	900
80586123	80590190	850
80590190	80591664	800
80591664	80612950	850
80612950	80624845	900
80624845	80667596	850
80667596	80708297	900
80708297	80710157	950
80710157	80799812	900
80799812	80806166	950
80806166	80824268	900
80824268	80832455	950
80832455	80834381	900
80834381	80930623	950
80930623	80933234	900
80933234	81004528	950
81004528	81005304	900
81005304	81208327	950
81208327	81224123	900
81224123	81265761	950
81265761	81266676	900
81266676	81343110	950
81343110	81343908	900
81343908	81345556	950
81345556	81346383	900
81346383	81358832	950
81358832	81362288	900
81362288	81371148	950
81371148	81372959	900
81372959	81426470	950
81426470	81446545	900
81446545	81453784	850
81453784	81479580	900
81479580	81483326	950
81483326	81484464	900
81484464	81491504	950
81491504	81492421	900
81492421	81533985	950
81533985	81535406	900
81535406	81538821	950
81538821	81539900	900
81539900	81603705	950
81603705	81604018	900
81604018	81606324	950
81606324	81608124	900
81608124	81608556	950
81608556	81608788	900
81608788	81610833	950
81610833	81616398	900
81616398	81750068	950
81750068	81752827	900
81752827	81899682	950
81899682	81913448	900
81913448	81918211	950
81918211	81918477	900
81918477	81923783	950
81923783	81924250	900
81924250	82076816	950
82076816	82087190	900
82087190	82253651	950
82253651	82263305	900
82263305	82278771	950
82278771	82280775	900
82280775	82292100	950
82292100	82292252	900
82292252	82348221	950
82348221	82361679	900
82361679	82362415	950
82362415	82384611	900
82384611	82390569	850
82390569	82456211	900
82456211	82479404	950
82479404	82531524	900
82531524	82554326	950
82554326	82619678	900
82619678	82623424	850
82623424	82634523	800
82634523	82640820	750
82640820	82663003	700
82663003	82724937	650
82724937	82751673	700
82751673	82779290	750
82779290	82792525	800
82792525	82798508	850
82798508	82813052	900
82813052	82814647	850
82814647	82843872	900
82843872	83227515	950
83227515	83245455	900
83245455	83255887	850
83255887	83285103	900
83285103	83287388	950
83287388	83311663	900
83311663	83335478	850
83335478	83339839	800
83339839	83347662	850
83347662	83354064	800
83354064	83361249	850
83361249	83372337	900
83372337	83430146	950
83430146	83430644	900
83430644	83440162	950
83440162	83441584	900
83441584	83465383	950
83465383	83467852	900
83467852	83559365	950
83559365	83703379	900
83703379	84230119	950
84230119	84242308	900
84242308	84245798	850
84245798	84247128	800
84247128	84268467	750
84268467	84277591	800
84277591	84286304	850
84286304	84327706	900
84327706	84355184	950
84355184	84414886	900
84414886	84493065	950
84493065	84493679	900
84493679	84505498	950
84505498	84514042	900
84514042	85105725	950
85105725	85106119	900
85106119	85833865	950
85833865	85844319	900
85844319	85863520	950
85863520	85941778	900
85941778	85964179	850
85964179	85984383	800
85984383	85993597	750
85993597	86011615	700
86011615	86022513	750
86022513	86051776	800
86051776	86099912	850
86099912	86182316	900
86182316	86195012	950
86195012	86198827	900
86198827	86228722	950
86228722	86244446	900
86244446	86279095	950
86279095	86361137	900
86361137	86423525	950
86423525	86434483	900
86434483	86539190	950
86539190	86569092	900
86569092	86633648	850
86633648	86679969	900
86679969	87117675	950
87117675	87154311	900
87154311	87166459	850
87166459	87227262	800
87227262	87268391	850
87268391	87292801	800
87292801	87304115	750
87304115	87308464	700
87308464	87317832	650
87317832	87323777	700
87323777	87332810	750
87332810	87339065	800
87339065	87395580	850
87395580	87488515	800
87488515	87545514	850
87545514	87632535	900
87632535	87688429	850
87688429	87840670	800
87840670	87850701	750
87850701	87861208	700
87861208	87868936	650
87868936	87884965	600
87884965	87891142	650
87891142	87901885	700
87901885	87907145	750
87907145	88013708	800
88013708	88156993	750
88156993	88195590	800
88195590	88221947	750
88221947	88229729	700
88229729	88301016	650
88301016	88316614	600
88316614	88383528	550
88383528	88505482	600
88505482	88530059	650
88530059	88538898	700
88538898	88548401	750
88548401	88553352	700
88553352	88595324	750
88595324	88645559	800
88645559	88744656	850
88744656	88827254	900
