0	15963028	950
169353	171580	900
171580	175173	950
175173	176749	900
176749	205484	950
205484	276685	900
276685	285711	850
285711	298270	800
298270	339301	850
339301	352961	800
352961	364351	750
364351	392187	700
392187	406351	750
406351	410853	700
410853	441416	650
441416	501147	600
501147	508917	650
508917	535432	600
535432	579942	650
579942	582562	600
582562	584350	550
584350	622485	500
622485	639510	550
639510	641618	600
641618	642894	650
642894	643350	700
643350	644138	750
644138	645643	800
645643	659090	850
659090	675708	900
675708	675847	850
675847	711991	900
711991	715496	950
715496	722439	900
722439	736050	950
736050	736498	900
736498	737353	950
737353	743049	900
743049	744732	950
744732	749241	900
749241	753352	950
753352	753433	900
753433	753942	950
753942	754511	900
754511	760519	950
760519	761157	900
761157	804487	950
804487	805234	900
805234	807659	950
807659	808327	900
808327	810182	950
810182	843341	900
843341	848741	850
848741	852060	800
852060	852253	850
852253	857691	800
857691	864377	850
864377	905199	900
905199	931597	850
931597	974101	900
974101	976744	850
976744	1118831	900
1118831	1129359	850
1129359	1163684	800
1163684	1183213	750
1183213	1195471	700
1195471	1198865	650
1198865	1250120	700
1250120	1251930	650
1251930	1253200	700
1253200	1265240	650
1265240	1269439	600
1269439	1311929	550
1311929	1318245	600
1318245	1321807	650
1321807	1337248	700
1337248	1339668	650
1339668	1342141	600
1342141	1352101	550
1352101	1397778	500
1397778	1410215	550
1410215	1417293	600
1417293	1426853	650
1426853	1429591	700
1429591	1437645	750
1437645	1438900	800
1438900	1444910	750
1444910	1448043	800
1448043	1456948	750
1456948	1466178	700
1466178	1480102	650
1480102	1486554	600
1486554	1493184	550
1493184	1496114	500
1496114	1498584	450
1498584	1500696	400
1500696	1504838	350
1504838	1530478	300
1530478	1531565	350
1531565	1532412	400
1532412	1533727	450
1533727	1535494	500
1535494	1537243	550
1537243	1539972	600
1539972	1542531	650
1542531	1547144	700
1547144	1554641	750
1554641	1558260	700
1558260	1561229	650
1561229	1563518	600
1563518	1564831	550
1564831	1575041	500
1575041	1580004	450
1580004	1590526	500
1590526	1599324	550
1599324	1602011	600
1602011	1604792	650
1604792	1615511	700
1615511	1624194	650
1624194	1635789	600
1635789	1648699	650
1648699	1663754	600
1663754	1691101	650
1691101	1734579	600
1734579	1736745	650
1736745	1742659	700
1742659	1750777	750
1750777	1772460	800
1772460	1782578	750
1782578	1782822	700
1782822	1783102	750
1783102	1788143	700
1788143	1792245	750
1792245	1793592	800
1793592	1793964	750
1793964	1808456	800
1808456	1809116	750
1809116	1825838	800
1825838	1826263	750
1826263	1846026	800
1846026	1846751	750
1846751	1849544	800
1849544	1853153	750
1853153	1860992	800
1860992	1863097	750
1863097	1867049	800
1867049	1867185	750
1867185	1867694	800
1867694	1875324	750
1875324	1875676	700
1875676	1875918	750
1875918	1879009	700
1879009	1881926	650
1881926	1884730	600
1884730	1886166	550
1886166	1909769	500
1909769	1917020	450
1917020	1928769	400
1928769	1930793	450
1930793	1941719	400
1941719	1962924	450
1962924	1966032	400
1966032	1972611	350
1972611	2094546	300
2094546	2101729	350
2101729	2153513	300
2153513	2183588	350
2183588	2188149	400
2188149	2192111	450
2192111	2199447	500
2199447	2219181	550
2219181	2221890	600
2221890	2223295	550
2223295	2239985	600
2239985	2246890	650
2246890	2248005	600
2248005	2248818	650
2248818	2252925	600
2252925	2269653	650
2269653	2271095	600
2271095	2333738	650
2333738	2418447	700
2418447	2436704	650
2436704	2443084	600
2443084	2452752	550
2452752	2502153	600
2502153	2533403	550
2533403	2533979	500
2533979	2538204	550
2538204	2540958	500
2540958	2551804	450
2551804	2558789	500
2558789	2562169	550
2562169	2564979	600
2564979	2566422	650
2566422	2569054	700
2569054	2572798	750
2572798	2577908	800
2577908	2630974	850
2630974	2807555	900
2807555	2807947	850
2807947	2809318	900
2809318	2883836	850
2883836	2888014	800
2888014	3003921	850
3003921	3005005	800
3005005	3017906	850
3017906	3034586	800
3034586	3055194	750
3055194	3111394	700
3111394	3123657	650
3123657	3233459	600
3233459	3260143	650
3260143	3282841	700
3282841	3335860	650
3335860	3338036	700
3338036	3339836	750
3339836	3362994	800
3362994	3364165	750
3364165	3379786	800
3379786	3380343	750
3380343	3392352	800
3392352	3433905	750
3433905	3476089	700
3476089	3483428	650
3483428	3523840	600
3523840	3532150	650
3532150	3534390	700
3534390	3538650	750
3538650	3541863	700
3541863	3553455	750
3553455	3579842	700
3579842	3618021	750
3618021	3650550	800
3650550	3653404	750
3653404	3656190	700
3656190	3660898	650
3660898	3668942	600
3668942	3677971	650
3677971	3680159	700
3680159	3686285	750
3686285	3730810	800
3730810	3731170	750
3731170	3732363	800
3732363	3736312	750
3736312	3744483	800
3744483	3767768	750
3767768	3772959	800
3772959	3782917	750
3782917	3799634	700
3799634	3799801	650
3799801	3800336	700
3800336	3803704	650
3803704	3805078	700
3805078	3814852	650
3814852	3821116	600
3821116	3824254	550
3824254	3826603	500
3826603	3831206	450
3831206	3834799	400
3834799	3837687	350
3837687	3854831	300
3854831	3895148	250
3895148	3919520	200
3919520	3960362	150
3960362	4013029	200
4013029	4014210	250
4014210	4021914	200
4021914	4067960	250
4067960	4152330	300
4152330	4212658	350
4212658	4229412	400
4229412	4234007	450
4234007	4237882	500
4237882	4243777	550
4243777	4257538	600
4257538	4267497	650
4267497	4269520	700
4269520	4273257	750
4273257	4327072	800
4327072	4335246	850
4335246	4339767	800
4339767	4356163	850
4356163	4357516	800
4357516	4359128	850
4359128	4380070	800
4380070	4385624	750
4385624	4401967	700
4401967	4404460	750
4404460	4404567	800
4404567	4412658	750
4412658	4457189	800
4457189	4458935	750
4458935	4483139	800
4483139	4496817	750
4496817	4515643	700
4515643	4522424	650
4522424	4526796	600
4526796	4541700	650
4541700	4563487	700
4563487	4573378	750
4573378	4577516	800
4577516	4590480	750
4590480	4592552	700
4592552	4598243	750
4598243	4610028	800
4610028	4630618	750
4630618	4630806	700
4630806	4631385	750
4631385	4636180	700
4636180	4643004	750
4643004	4646142	700
4646142	4651437	650
4651437	4658298	600
4658298	4678202	550
4678202	4685178	500
4685178	4698776	450
4698776	4726974	400
4726974	4747305	350
4747305	4770086	400
4770086	4773640	350
4773640	4777659	300
4777659	4811074	250
4811074	4833526	200
4833526	4840105	250
4840105	4865651	300
4865651	4875841	350
4875841	4887610	400
4887610	4895285	450
4895285	4915123	500
4915123	5070921	550
5070921	5111044	600
5111044	5114991	550
5114991	5143572	500
5143572	5280269	450
5280269	5295688	500
5295688	5300605	450
5300605	5310496	500
5310496	5334780	450
5334780	5348443	500
5348443	5355236	550
5355236	5407363	600
5407363	5493555	650
5493555	5509940	700
5509940	5514856	750
5514856	5544643	800
5544643	5549761	850
5549761	5551758	800
5551758	5553579	850
5553579	5556255	800
5556255	5558095	850
5558095	5559064	800
5559064	5561488	850
5561488	5563607	800
5563607	5637185	850
5637185	5638011	900
5638011	5639302	850
5639302	5964217	900
5964217	5965600	850
5965600	5967068	900
5967068	5970369	850
5970369	5975076	900
5975076	5975125	850
5975125	5975388	900
5975388	5975794	850
5975794	5979050	900
5979050	5979292	850
5979292	6267595	900
6267595	6294027	850
6294027	6340128	800
6340128	6340633	850
6340633	6341607	800
6341607	6399859	850
6399859	6405741	800
6405741	6408085	750
6408085	6412313	700
6412313	6421467	650
6421467	6495236	600
6495236	6503113	650
6503113	6508052	700
6508052	6509711	750
6509711	6514891	800
6514891	6518129	850
6518129	6518742	800
6518742	6530249	850
6530249	6552081	800
6552081	6609166	850
6609166	6622246	800
6622246	6627174	750
6627174	6630567	800
6630567	6631190	750
6631190	6673130	800
6673130	6797256	850
6797256	6814244	800
6814244	6824285	750
6824285	6830625	700
6830625	6835054	650
6835054	6842421	600
6842421	6867357	550
6867357	6872695	500
6872695	6875217	550
6875217	6885477	600
6885477	6887354	550
6887354	6889713	600
6889713	6894740	650
6894740	6904141	700
6904141	6982063	750
6982063	7000764	700
7000764	7005202	650
7005202	7014300	600
7014300	7030452	550
7030452	7032668	500
7032668	7033568	450
7033568	7034075	400
7034075	7048494	350
7048494	7062306	300
7062306	7107185	250
7107185	7125048	300
7125048	7128815	350
7128815	7134067	400
7134067	7138137	450
7138137	7143080	500
7143080	7149573	450
7149573	7155492	400
7155492	7174697	350
7174697	7179295	400
7179295	7179887	450
7179887	7181406	500
7181406	7190424	550
7190424	7200769	500
7200769	7222737	550
7222737	7233316	500
7233316	7239815	450
7239815	7251001	500
7251001	7255902	550
7255902	7258989	500
7258989	7263292	450
7263292	7267224	400
7267224	7269266	350
7269266	7272746	300
7272746	7279677	250
7279677	7297522	200
7297522	7314890	150
7314890	7321496	200
7321496	7348887	150
7348887	7359472	200
7359472	7375923	250
7375923	7387039	300
7387039	7398434	250
7398434	7404390	200
7404390	7417736	150
7417736	7431877	100
7431877	7453478	150
7453478	7466289	200
7466289	7477756	250
7477756	7489091	300
7489091	7498442	350
7498442	7509357	400
7509357	7536247	450
7536247	7545623	500
7545623	7557082	450
7557082	7565301	500
7565301	7570808	550
7570808	7577126	500
7577126	7600663	450
7600663	7609948	400
7609948	7611775	450
7611775	7656309	400
7656309	7657698	450
7657698	7669285	500
7669285	7671184	450
7671184	7672720	400
7672720	7673623	350
7673623	7679643	300
7679643	7684146	250
7684146	7721496	200
7721496	7727568	250
7727568	7729556	300
7729556	7734527	350
7734527	7737092	300
7737092	7793829	250
7793829	7812250	300
7812250	7831536	350
7831536	7841547	400
7841547	7859672	350
7859672	7863518	400
7863518	7864746	450
7864746	7865829	500
7865829	7867472	550
7867472	7870015	600
7870015	7876237	650
7876237	7917599	700
7917599	7925483	650
7925483	7946288	700
7946288	7953214	650
7953214	7958804	600
7958804	7964528	550
7964528	7974839	500
7974839	7977208	450
7977208	7983789	400
7983789	7997223	350
7997223	8001332	300
8001332	8047913	350
8047913	8073765	300
8073765	8076630	250
8076630	8095638	300
8095638	8114031	250
8114031	8141969	300
8141969	8161441	350
8161441	8171701	400
8171701	8202324	450
8202324	8203130	500
8203130	8203644	450
8203644	8204191	500
8204191	8205126	450
8205126	8235131	500
8235131	8235542	550
8235542	8237366	500
8237366	8242325	550
8242325	8245600	600
8245600	8255274	650
8255274	8267301	600
8267301	8270109	550
8270109	8271714	500
8271714	8272704	450
8272704	8273391	400
8273391	8276324	350
8276324	8280143	300
8280143	8414659	250
8414659	8419251	300
8419251	8423461	350
8423461	8448437	400
8448437	8456579	450
8456579	8474105	500
8474105	8483688	550
8483688	8493982	600
8493982	8495816	650
8495816	8499903	700
8499903	8541889	750
8541889	8565170	800
8565170	8594299	750
8594299	8645544	800
8645544	8646997	850
8646997	8675271	800
8675271	8683629	750
8683629	8726208	800
8726208	8737875	750
8737875	8752570	800
8752570	8764048	850
8764048	8868525	900
8868525	8871747	850
8871747	8872346	900
8872346	8873233	850
8873233	9047633	900
9047633	9056474	950
9056474	9057970	900
9057970	9060745	950
9060745	9067108	900
9067108	9080237	950
9080237	9096729	900
9096729	9100879	950
9100879	9101546	900
9101546	9102306	950
9102306	9102482	900
9102482	9105677	950
9105677	9106069	900
9106069	9127830	950
9127830	9128619	900
9128619	9130492	950
9130492	9130758	900
9130758	9143123	950
9143123	9143363	900
9143363	9152760	950
9152760	9154480	900
9154480	9165562	950
9165562	9168283	900
9168283	9173354	950
9173354	9177617	900
9177617	9202278	950
9202278	9247114	900
9247114	9267990	950
9267990	9282604	900
9282604	9287884	950
9287884	9317586	900
9317586	9330211	950
9330211	9382589	900
9382589	9383316	850
9383316	9400739	900
9400739	9403978	850
9403978	9415251	900
9415251	9415624	850
9415624	9429880	900
9429880	9430987	850
9430987	9437018	900
9437018	9467537	850
9467537	9501317	800
9501317	9548145	850
9548145	9569142	900
9569142	9583598	850
9583598	9605828	900
9605828	9615029	950
9615029	9616167	900
9616167	9616785	950
9616785	9617031	900
9617031	9635112	950
9635112	9635875	900
9635875	9658522	950
9658522	9658927	900
9658927	9667739	950
9667739	9695025	900
9695025	9719776	850
9719776	9725674	800
9725674	9758919	850
9758919	9760590	900
9760590	9761703	850
9761703	9815276	900
9815276	9816620	950
9816620	9817235	900
9817235	9818017	950
9818017	9818580	900
9818580	9823305	950
9823305	9830396	900
9830396	9843163	950
9843163	9843398	900
9843398	9847656	950
9847656	9848783	900
9848783	9852651	950
9852651	9853880	900
9853880	9860281	950
9860281	9903385	900
9903385	9903783	950
9903783	9904177	900
9904177	9905220	950
9905220	9905729	900
9905729	9930016	950
9930016	9930800	900
9930800	9958805	950
9958805	9960466	900
9960466	9967259	950
9967259	9972914	900
9972914	10004857	950
10004857	10117206	900
10117206	10147064	850
10147064	10165609	800
10165609	10168006	750
10168006	10172117	700
10172117	10202493	650
10202493	10219413	600
10219413	10221146	550
10221146	10222421	500
10222421	10223489	450
10223489	10224280	400
10224280	10224980	350
10224980	10225521	300
10225521	10225990	250
10225990	10226356	200
10226356	10226647	150
10226647	10237039	100
10237039	10398561	50
10398561	10415911	100
10415911	10454894	150
10454894	10458257	200
10458257	10459893	250
10459893	10461833	300
10461833	10463436	350
10463436	10466253	400
10466253	10469830	450
10469830	10471784	400
10471784	10499555	350
10499555	10500214	400
10500214	10501434	450
10501434	10502174	500
10502174	10503223	550
10503223	10505729	600
10505729	10508752	650
10508752	10511704	700
10511704	10518386	750
10518386	10518691	700
10518691	10541509	650
10541509	10565712	600
10565712	10583874	650
10583874	10585987	700
10585987	10586571	650
10586571	10615169	700
10615169	10640143	750
10640143	10646355	800
10646355	10646467	850
10646467	10648633	800
10648633	10664916	850
10664916	10719623	900
10719623	10724625	850
10724625	10838272	900
10838272	10840985	950
10840985	10842292	900
10842292	10847165	950
10847165	10852166	900
10852166	10857953	950
10857953	10866082	900
10866082	10872175	950
10872175	10874360	900
10874360	10917520	950
10917520	10928181	900
10928181	11085247	950
11085247	11117984	900
11117984	11191984	950
11191984	11193717	900
11193717	11197730	950
11197730	11252266	900
11252266	11264664	950
11264664	11266881	900
11266881	11278260	950
11278260	11336898	900
11336898	11347747	850
11347747	11348141	800
11348141	11357901	850
11357901	11396069	800
11396069	11414735	750
11414735	11428364	800
11428364	11435000	850
11435000	11448876	900
11448876	11453134	850
11453134	11453902	800
11453902	11454694	850
11454694	11457074	800
11457074	11467536	850
11467536	11471232	800
11471232	11476441	750
11476441	11484164	700
11484164	11505091	650
11505091	11541360	600
11541360	11558644	650
11558644	11564254	700
11564254	11603359	750
11603359	11609036	800
11609036	11612843	850
11612843	11613573	800
11613573	11683741	850
11683741	11716541	800
11716541	11730599	850
11730599	11742686	800
11742686	11744952	750
11744952	11759087	800
11759087	11769251	750
11769251	11769951	800
11769951	11782818	750
11782818	11791302	700
11791302	11817304	650
11817304	11826882	600
11826882	11868401	650
11868401	11942148	600
11942148	11974821	650
11974821	11984035	600
11984035	11988270	550
11988270	11988314	600
11988314	11988413	650
11988413	11988632	700
11988632	11989051	750
11989051	11989830	800
11989830	11995693	850
11995693	12095903	900
12095903	12096186	950
12096186	12097380	900
12097380	12100084	950
12100084	12112781	900
12112781	12118497	950
12118497	12132659	900
12132659	12162051	950
12162051	12163873	900
12163873	12200071	950
12200071	12200568	900
12200568	12202106	950
12202106	12203471	900
12203471	12204020	950
12204020	12206816	900
12206816	12209168	950
12209168	12211170	900
12211170	12230044	950
12230044	12230758	900
12230758	12246806	950
12246806	12247653	900
12247653	12249863	950
12249863	12251777	900
12251777	12264710	950
12264710	12274088	900
12274088	12316533	950
12316533	12317287	900
12317287	12356800	950
12356800	12357335	900
12357335	12390936	950
12390936	12395692	900
12395692	12398189	950
12398189	12398676	900
12398676	12440742	950
12440742	12456292	900
12456292	12463159	950
12463159	12463468	900
12463468	12471461	950
12471461	12472441	900
12472441	12475458	950
12475458	12475936	900
12475936	12477223	950
12477223	12484531	900
12484531	12489824	950
12489824	12495503	900
12495503	12507152	950
12507152	12509716	900
12509716	12512975	850
12512975	12586322	900
12586322	12586787	850
12586787	12595602	900
12595602	12598766	850
12598766	12610646	900
12610646	12611578	950
12611578	12611767	900
12611767	12612398	950
12612398	12613171	900
12613171	12616545	950
12616545	12695692	900
12695692	12700385	950
12700385	12701033	900
12701033	12702053	950
12702053	12751059	900
12751059	12756004	850
12756004	12771013	900
12771013	12823105	850
12823105	12832620	800
12832620	12842909	750
12842909	12851212	700
12851212	12862999	750
12862999	12865462	800
12865462	12870496	850
12870496	12936948	900
12936948	13038693	950
13038693	13039540	900
13039540	13169350	950
13169350	13171997	900
13171997	13195019	950
13195019	13200609	900
13200609	13214017	950
13214017	13230253	900
13230253	13305545	950
13305545	13307919	900
13307919	13318201	950
13318201	13318911	900
13318911	13333046	950
13333046	13342490	900
13342490	13375589	950
13375589	13376106	900
13376106	13378871	950
13378871	13393890	900
13393890	13442195	950
13442195	13444038	900
13444038	13543256	950
13543256	13547186	900
13547186	13687733	950
13687733	13690808	900
13690808	13706189	950
13706189	13708996	900
13708996	13837069	950
13837069	13966509	900
13966509	13974080	850
13974080	14054596	900
14054596	14069211	950
14069211	14070992	900
14070992	14072287	950
14072287	14073874	900
14073874	14140920	950
14140920	14153162	900
14153162	14185696	950
14185696	14186575	900
14186575	14186833	950
14186833	14192437	900
14192437	14304005	950
14304005	14313288	900
14313288	14343946	950
14343946	14345208	900
14345208	14475290	950
14475290	14475745	900
14475745	14700179	950
14700179	14701152	900
14701152	14910453	950
14910453	14910899	900
14910899	14961031	950
14961031	15023977	900
15023977	15024634	850
15024634	15034249	900
15034249	15064550	850
15064550	15070729	800
15070729	15080726	750
15080726	15083035	800
15083035	15083520	750
15083520	15084542	800
15084542	15085073	750
15085073	15114576	800
15114576	15144605	850
15144605	15172253	800
15172253	15174336	750
15174336	15184474	800
15184474	15218827	850
15218827	15277153	900
15277153	15307576	850
15307576	15324277	900
15324277	15373154	850
15373154	15420257	900
15420257	15449868	850
15449868	15462549	800
15462549	15464360	750
15464360	15472516	800
15472516	15559026	750
15559026	15562245	700
15562245	15568654	750
15568654	15590728	800
15590728	15646612	750
15646612	15756103	700
15756103	15789160	650
15789160	15803681	600
15803681	15808114	550
15808114	15811729	500
15811729	15813991	450
15813991	15815812	400
15815812	15819072	350
15819072	15840809	300
15840809	15869314	250
15869314	16037323	200
16037323	16052660	250
16052660	16065858	300
16065858	16072505	350
16072505	16084257	400
16084257	16101106	450
16101106	16108019	500
16108019	16174596	550
16174596	16195611	600
16195611	16239181	650
16239181	16261155	700
16261155	16261404	750
16261404	16262292	700
16262292	16262792	750
16262792	16266385	700
16266385	16299526	650
16299526	16308808	700
16308808	16319794	750
16319794	16350723	800
16350723	16374599	850
16374599	16388082	800
16388082	16393517	750
16393517	16395557	700
16395557	16400399	750
16400399	16420420	800
16420420	16831436	850
16831436	16835193	800
16835193	16847616	750
16847616	16872817	700
16872817	16878960	650
16878960	16883383	600
16883383	16885429	550
16885429	16960948	500
16960948	16974556	450
16974556	17034534	400
17034534	17036830	450
17036830	17039141	500
17039141	17058458	550
17058458	17120165	500
17120165	17133994	550
17133994	17135702	600
17135702	17137457	650
17137457	17155314	700
17155314	17169917	750
17169917	17208475	800
17208475	17263583	850
17263583	17298732	800
17298732	17318193	750
17318193	17342361	700
17342361	17343977	750
17343977	17345584	700
17345584	17483848	750
17483848	17612216	700
17612216	17622713	650
17622713	17628861	600
17628861	17633385	550
17633385	17635832	500
17635832	17637331	450
17637331	17645290	400
17645290	17696218	350
17696218	17761408	300
17761408	17788857	250
17788857	17912298	300
17912298	17970948	350
17970948	17976968	400
17976968	17979170	450
17979170	17981140	400
17981140	17982097	350
17982097	18005030	300
18005030	18023159	250
18023159	18063445	200
18063445	18073381	250
18073381	18085797	200
18085797	18106053	150
18106053	18169125	100
18169125	18189374	150
18189374	18204519	200
18204519	18211714	250
18211714	18221049	300
18221049	18232474	350
18232474	18243197	400
18243197	18256608	450
18256608	18274382	500
18274382	18297880	550
18297880	18329262	600
18329262	18372143	650
18372143	18439822	700
18439822	18497345	750
18497345	18637362	800
18637362	18694365	750
18694365	18777506	700
18777506	18786976	750
18786976	18794514	800
18794514	18800044	850
18800044	18804470	800
18804470	18819711	750
18819711	18823167	700
18823167	18825614	750
18825614	18832800	800
18832800	18843980	850
18843980	18980575	800
18980575	19043886	750
19043886	19070073	700
19070073	19081757	650
19081757	19087479	600
19087479	19110988	550
19110988	19238547	500
19238547	19242460	550
19242460	19245194	600
19245194	19251891	650
19251891	19358699	700
19358699	19427371	750
19427371	19433404	700
19433404	19459016	650
19459016	19535970	600
19535970	19547587	650
19547587	19608775	700
19608775	19610049	650
19610049	19610652	600
19610652	19613909	550
19613909	19616994	500
19616994	19621008	450
19621008	19688362	400
19688362	19689208	450
19689208	19714530	500
19714530	19728883	550
19728883	19732080	600
19732080	19735320	650
19735320	19739691	700
19739691	19741149	650
19741149	19741717	600
19741717	19741936	550
19741936	19828104	500
19828104	19979180	550
19979180	20031883	500
20031883	20090866	450
20090866	20092121	500
20092121	20261548	550
20261548	20284399	600
20284399	20297757	650
20297757	20324297	700
20324297	20369403	750
20369403	20586037	800
20586037	20938627	850
20938627	20987105	800
20987105	21023304	750
21023304	21047253	700
21047253	21055729	750
21055729	21093010	800
21093010	21100331	850
21100331	21135895	800
21135895	21165644	750
21165644	21215658	800
21215658	21232735	850
21232735	21251141	800
21251141	21269428	750
21269428	21339258	800
21339258	21519566	850
21519566	22579532	800
22579532	22587236	750
22587236	22595763	800
22595763	22604224	750
22604224	22606746	700
22606746	22607622	650
22607622	22634695	600
22634695	22652238	550
22652238	22666814	500
22666814	22675634	550
22675634	22680525	600
22680525	22705166	650
22705166	22809027	700
22809027	22809913	650
22809913	22834778	700
22834778	22847231	650
22847231	22900889	700
22900889	22906219	650
22906219	22956624	600
22956624	22966624	550
22966624	23125755	600
23125755	23139924	550
23139924	23151829	600
23151829	23168138	650
23168138	23172161	600
23172161	23225437	650
23225437	23240499	600
23240499	23270829	550
23270829	23303953	600
23303953	23307925	550
23307925	23308427	500
23308427	23308492	550
23308492	23308701	500
23308701	23309072	550
23309072	23335851	500
23335851	23344264	450
23344264	23344590	400
23344590	23346130	450
23346130	23361485	400
23361485	23384929	350
23384929	23444811	300
23444811	23547688	250
23547688	23559935	300
23559935	23586629	350
23586629	23633138	400
23633138	23640565	350
23640565	23656771	300
23656771	23669142	250
23669142	23683699	200
23683699	23730929	150
23730929	23744193	200
23744193	23754512	250
23754512	23763060	300
23763060	23767139	350
23767139	23828522	400
23828522	23837596	350
23837596	23868553	300
23868553	23886821	250
23886821	23893098	200
23893098	23896020	150
23896020	23898195	100
23898195	23904399	50
23904399	24164779	0
24164779	24222326	50
24222326	24256869	100
24256869	24319628	50
24319628	24348983	100
24348983	24352561	150
24352561	24355735	200
24355735	24360016	250
24360016	24364212	300
24364212	24370018	350
24370018	24394354	300
24394354	24414299	250
24414299	24418724	200
24418724	24484619	150
24484619	24531038	200
24531038	24580308	250
24580308	24594299	200
24594299	24599778	150
24599778	24654542	100
24654542	24662596	150
24662596	24670369	200
24670369	24680184	250
24680184	24683067	300
24683067	24690124	350
24690124	24692119	300
24692119	24721122	250
24721122	24751705	200
24751705	24897037	150
24897037	24908974	200
24908974	24909236	250
24909236	24909862	300
24909862	24911687	350
24911687	24917163	400
24917163	24920568	350
24920568	24922004	300
24922004	24922714	250
24922714	24954395	200
24954395	24960532	150
24960532	24966588	100
24966588	25036222	50
25036222	25444805	100
25444805	25556660	150
25556660	25573525	200
25573525	25577636	250
25577636	25593110	300
25593110	25604375	250
25604375	25669353	200
25669353	25710018	250
25710018	25719391	200
25719391	25729334	150
25729334	25837348	100
25837348	25899864	150
25899864	25915643	200
25915643	25926890	250
25926890	25957399	300
25957399	26095610	250
26095610	26183748	200
26183748	26266795	150
26266795	26268643	200
26268643	26274032	250
26274032	26283828	300
26283828	26290287	350
26290287	26296053	400
26296053	26344659	350
26344659	26415335	400
26415335	26419226	350
26419226	26421193	300
26421193	26422461	250
26422461	26429257	200
26429257	26463803	150
26463803	26555476	100
26555476	26705782	50
26705782	26734701	100
26734701	26745913	150
26745913	26755363	200
26755363	26756908	250
26756908	26758303	300
26758303	26760120	350
26760120	26762688	400
26762688	26765165	450
26765165	26772807	500
26772807	26780631	550
26780631	26810959	600
26810959	26836466	650
26836466	26841350	700
26841350	26863191	650
26863191	26864827	700
26864827	26876354	650
26876354	26884852	600
26884852	26895673	650
26895673	26916148	700
26916148	26934206	750
26934206	27142409	800
27142409	27159997	750
27159997	27196190	700
27196190	27207757	650
27207757	27335233	600
27335233	27346501	550
27346501	27354163	500
27354163	27366442	550
27366442	27443530	600
27443530	27456562	550
27456562	27479493	500
27479493	27496188	450
27496188	27530773	400
27530773	27567565	350
27567565	27579516	400
27579516	27582207	450
27582207	27586042	500
27586042	27593810	550
27593810	27610152	600
27610152	27610925	650
27610925	27613183	600
27613183	27642819	650
27642819	27646711	600
27646711	27648753	550
27648753	27650085	500
27650085	27654557	450
27654557	27657787	400
27657787	27664000	350
27664000	27681931	300
27681931	27782937	250
27782937	27843782	300
27843782	27847235	350
27847235	27849538	400
27849538	27852090	450
27852090	27854132	500
27854132	27857291	550
27857291	27862477	600
27862477	27869775	650
27869775	27871424	700
27871424	27877011	750
27877011	27904786	800
27904786	27908002	850
27908002	27909117	800
27909117	27909303	850
27909303	27910133	800
27910133	27918621	850
27918621	27920886	800
27920886	27925991	850
27925991	27967890	800
27967890	27972055	750
27972055	27975246	800
27975246	27989453	750
27989453	28038162	700
28038162	28042003	650
28042003	28043827	600
28043827	28066122	550
28066122	28143743	500
28143743	28145633	550
28145633	28209797	500
28209797	28219157	550
28219157	28226273	600
28226273	28257183	650
28257183	28271801	700
28271801	28281953	750
28281953	28306557	700
28306557	28331455	750
28331455	28343476	800
28343476	28364161	850
28364161	28381744	800
28381744	28402963	850
28402963	28403840	800
28403840	28429769	850
28429769	28436849	900
28436849	28437200	850
28437200	28439528	900
28439528	28440407	850
28440407	28451886	900
28451886	28452756	850
28452756	28457742	900
28457742	28458989	850
28458989	28491777	900
28491777	28493943	850
28493943	28534302	900
28534302	28535773	850
28535773	28549702	900
28549702	28550485	850
28550485	28636651	900
28636651	28661848	850
28661848	28674878	800
28674878	28686430	850
28686430	28717336	900
28717336	28721384	950
28721384	28724676	900
28724676	28729373	950
28729373	28730876	900
28730876	28731257	950
28731257	28738412	900
28738412	28740564	950
28740564	28740981	900
28740981	28744731	950
28744731	28772974	900
28772974	28779716	950
28779716	28801429	900
28801429	28807124	950
28807124	28833807	900
28833807	28859879	950
28859879	28879295	900
28879295	28883287	850
28883287	28888892	900
28888892	28914790	850
28914790	28933951	900
28933951	28935610	850
28935610	28949092	900
28949092	28956310	950
28956310	28957748	900
28957748	28962381	950
28962381	28981570	900
28981570	28986024	950
28986024	28987942	900
28987942	28990849	950
28990849	28991733	900
28991733	28992343	950
28992343	29007795	900
29007795	29038817	950
29038817	29039560	900
29039560	29101820	950
29101820	29102775	900
29102775	29129636	950
29129636	29131889	900
29131889	29141467	950
29141467	29183393	900
29183393	29189791	950
29189791	29190073	900
29190073	29199737	950
29199737	29202097	900
29202097	29212252	950
29212252	29224597	900
29224597	29233459	950
29233459	29262422	900
29262422	29272794	950
29272794	29281713	900
29281713	29298287	950
29298287	29306770	900
29306770	29313060	950
29313060	29314788	900
29314788	29324485	950
29324485	29343622	900
29343622	29344668	950
29344668	29347245	900
29347245	29378924	950
29378924	29394247	900
29394247	29399612	850
29399612	29426428	900
29426428	29474339	850
29474339	29483894	900
29483894	29508010	850
29508010	29513467	900
29513467	29513551	950
29513551	29585258	900
29585258	29600082	850
29600082	29611525	800
29611525	29673702	850
29673702	29768256	900
29768256	29778567	950
29778567	29779367	900
29779367	29783203	950
29783203	29806622	900
29806622	29809528	950
29809528	29810319	900
29810319	29814721	950
29814721	29855796	900
29855796	29856077	950
29856077	29880240	900
29880240	29908700	850
29908700	29946309	900
29946309	29970599	850
29970599	29975771	800
29975771	29990998	750
29990998	29995160	800
29995160	30013147	850
30013147	30033907	800
30033907	30110876	750
30110876	30127270	700
30127270	30128471	650
30128471	30134443	700
30134443	30171322	650
30171322	30186012	600
30186012	30264234	550
30264234	30267887	500
30267887	30308548	550
30308548	30314074	500
30314074	30323939	550
30323939	30326779	500
30326779	30328550	450
30328550	30341441	400
30341441	30411370	350
30411370	30429762	400
30429762	30438319	450
30438319	30442731	500
30442731	30443122	550
30443122	30443254	500
30443254	30455097	550
30455097	30464772	600
30464772	30472690	650
30472690	30491595	600
30491595	30494077	650
30494077	30496567	700
30496567	30536057	650
30536057	30536473	700
30536473	30538259	650
30538259	30589505	700
30589505	30602934	750
30602934	30628649	800
30628649	30846811	850
30846811	30849960	800
30849960	30872070	750
30872070	30886714	700
30886714	30896071	650
30896071	30899888	600
30899888	30908012	550
30908012	30911858	500
30911858	30921588	450
30921588	30938493	400
30938493	30998381	350
30998381	31075354	300
31075354	31076081	350
31076081	31077404	400
31077404	31079082	450
31079082	31080862	500
31080862	31084912	550
31084912	31089913	600
31089913	31093960	650
31093960	31103040	700
31103040	31108533	650
31108533	31113909	600
31113909	31134624	550
31134624	31157788	500
31157788	31231581	450
31231581	31247769	500
31247769	31258599	550
31258599	31266428	600
31266428	31286193	650
31286193	31295233	700
31295233	31306968	750
31306968	31330179	800
31330179	31373679	850
31373679	31426676	900
31426676	31440952	850
31440952	31442608	800
31442608	31461204	850
31461204	31492451	900
31492451	31823614	950
31823614	31878746	900
31878746	31892608	850
31892608	31898127	800
31898127	31901247	750
31901247	31903595	700
31903595	31905047	650
31905047	31906209	600
31906209	31908635	550
31908635	31915460	500
31915460	31921877	450
31921877	31927365	400
31927365	31957698	350
31957698	32015990	300
32015990	32023479	350
32023479	32025341	400
32025341	32028077	450
32028077	32030595	500
32030595	32033120	550
32033120	32035114	600
32035114	32038960	650
32038960	32045554	700
32045554	32054920	750
32054920	32070326	800
32070326	32076231	850
32076231	32076980	800
32076980	32095827	850
32095827	32135384	900
32135384	32136547	850
32136547	32150212	900
32150212	32159786	850
32159786	32176363	900
32176363	32176998	850
32176998	32299497	900
32299497	32302594	850
32302594	32306955	900
32306955	32307543	850
32307543	32310793	900
32310793	32311923	850
32311923	32314352	900
32314352	32348845	850
32348845	32349601	800
32349601	32350522	850
32350522	32350805	800
32350805	32352248	850
32352248	32354775	800
32354775	32354868	850
32354868	32360804	800
32360804	32365706	750
32365706	32371660	700
32371660	32372805	650
32372805	32373521	700
32373521	32373933	650
32373933	32374172	700
32374172	32377150	650
32377150	32397544	700
32397544	32399018	650
32399018	32402359	600
32402359	32458615	550
32458615	32473660	600
32473660	32478053	650
32478053	32478927	600
32478927	32491749	650
32491749	32499750	700
32499750	32506246	750
32506246	32509121	700
32509121	32510413	650
32510413	32511174	600
32511174	32511695	550
32511695	32512004	500
32512004	32512209	450
32512209	32515556	400
32515556	32518223	350
32518223	32525503	300
32525503	32543900	250
32543900	32578594	200
32578594	32590166	250
32590166	32613921	200
32613921	32661158	0
32661158	32678789	200
32678789	32718020	250
32718020	32771318	300
32771318	32783642	350
32783642	32796072	400
32796072	32798006	450
32798006	32800452	500
32800452	32803216	550
32803216	32807821	600
32807821	32809831	650
32809831	32812387	700
32812387	32814802	650
32814802	32816008	600
32816008	32816656	550
32816656	32817005	500
32817005	32831716	450
32831716	32973781	400
32973781	32975562	350
32975562	32976517	300
32976517	33006412	250
33006412	33041668	300
33041668	33058298	350
33058298	33070265	400
33070265	33079649	450
33079649	33081181	500
33081181	33083618	550
33083618	33086597	600
33086597	33090166	650
33090166	33097062	700
33097062	33107006	750
33107006	33124212	800
33124212	33138224	850
33138224	33139776	800
33139776	33140517	850
33140517	33141070	800
33141070	33141903	850
33141903	33146387	800
33146387	33147118	850
33147118	33147670	800
33147670	33161061	850
33161061	33161941	800
33161941	33162231	850
33162231	33181849	800
33181849	33223619	850
33223619	33225583	800
33225583	33502439	850
33502439	33629003	800
33629003	33682981	750
33682981	33705463	700
33705463	33725751	650
33725751	33733943	600
33733943	33741073	550
33741073	33745203	600
33745203	33748768	650
33748768	33751905	700
33751905	33753505	650
33753505	33757334	700
33757334	33758730	650
33758730	33763071	600
33763071	33777263	550
33777263	33819224	600
33819224	33823091	650
33823091	33832738	700
33832738	33842144	750
33842144	33871958	800
33871958	33875293	750
33875293	33897111	800
33897111	33901624	750
33901624	33934103	800
33934103	33939705	750
33939705	33946884	700
33946884	33969785	650
33969785	33981003	600
33981003	33987663	650
33987663	33994083	700
33994083	33994318	750
33994318	33995252	700
33995252	34069635	750
34069635	34076760	700
34076760	34106869	650
34106869	34114601	600
34114601	34123030	550
34123030	34146834	500
34146834	34156378	550
34156378	34162093	600
34162093	34175842	550
34175842	34181112	500
34181112	34208402	550
34208402	34220789	500
34220789	34237439	550
34237439	34268686	600
34268686	34283692	650
34283692	34324293	700
34324293	34330258	650
34330258	34334640	600
34334640	34391054	550
34391054	34429675	600
34429675	34572658	650
34572658	34583492	600
34583492	34585420	550
34585420	34585505	600
34585505	34585517	550
34585517	34595678	600
34595678	34602291	550
34602291	34607205	500
34607205	34610208	450
34610208	34611034	500
34611034	34615989	450
34615989	34619034	500
34619034	34634138	450
34634138	34639224	400
34639224	34642797	350
34642797	34645216	300
34645216	34647164	250
34647164	34648574	200
34648574	34649588	150
34649588	34650532	100
34650532	34735168	50
34735168	34977832	0
34977832	34994630	50
34994630	35076024	100
35076024	35113629	150
35113629	35122500	100
35122500	35122647	150
35122647	35127701	100
35127701	35182809	150
35182809	35230405	100
35230405	35307420	150
35307420	35331797	200
35331797	35375569	250
35375569	35381304	300
35381304	35417822	250
35417822	35438983	200
35438983	35440999	250
35440999	35441406	200
35441406	35442177	250
35442177	35447151	200
35447151	35468601	250
35468601	35514353	300
35514353	35518504	250
35518504	35521585	200
35521585	35524632	150
35524632	35586422	100
35586422	35636299	150
35636299	35746040	100
35746040	35778510	150
35778510	35795680	200
35795680	35825929	150
35825929	35844028	200
35844028	35857597	250
35857597	35867390	300
35867390	35876204	350
35876204	35902206	400
35902206	35904897	450
35904897	35905828	500
35905828	35906093	450
35906093	35968942	500
35968942	36004193	550
36004193	36015933	500
36015933	36022734	450
36022734	36032388	400
36032388	36052421	350
36052421	36055701	300
36055701	36063775	350
36063775	36066950	300
36066950	36087215	350
36087215	36118497	400
36118497	36120386	450
36120386	36124707	500
36124707	36129163	550
36129163	36132302	600
36132302	36147942	550
36147942	36157887	500
36157887	36163812	450
36163812	36188350	400
36188350	36192464	450
36192464	36199514	500
36199514	36205572	450
36205572	36208971	400
36208971	36279489	350
36279489	36297908	400
36297908	36301275	450
36301275	36302340	500
36302340	36304942	550
36304942	36319268	600
36319268	36343350	550
36343350	36347763	500
36347763	36476152	550
36476152	36575652	500
36575652	36659755	450
36659755	36711554	400
36711554	36720507	350
36720507	36720745	400
36720745	36720975	350
36720975	36722079	400
36722079	36722694	350
36722694	36722698	400
36722698	36744801	350
36744801	36808193	300
36808193	36822466	350
36822466	36852470	400
36852470	36875119	450
36875119	36900801	400
36900801	36903722	450
36903722	36907773	500
36907773	36915292	550
36915292	36924451	600
36924451	36928021	550
36928021	36937755	500
36937755	36950748	550
36950748	36975263	600
36975263	36998366	550
36998366	37022225	600
37022225	37087943	650
37087943	37099064	600
37099064	37099898	550
37099898	37115657	600
37115657	37154881	650
37154881	37163297	600
37163297	37183352	550
37183352	37191120	600
37191120	37194209	550
37194209	37196736	500
37196736	37199902	450
37199902	37203531	400
37203531	37213895	350
37213895	37222823	300
37222823	37230826	250
37230826	37245884	200
37245884	37358326	150
37358326	37444350	200
37444350	37461689	250
37461689	37469106	300
37469106	37476404	350
37476404	37481285	400
37481285	37485950	450
37485950	37496337	500
37496337	37505873	450
37505873	37510385	400
37510385	37538950	350
37538950	37545140	300
37545140	37595788	350
37595788	37671662	300
37671662	37697426	250
37697426	37697961	300
37697961	37698514	250
37698514	37708856	300
37708856	37792905	250
37792905	37795356	200
37795356	37804876	250
37804876	37822976	200
37822976	37837298	150
37837298	37858839	100
37858839	37943737	50
37943737	37946273	100
37946273	38120791	50
38120791	38168945	100
38168945	38184176	150
38184176	38226766	100
38226766	38243970	150
38243970	38253026	200
38253026	38258810	250
38258810	38263931	300
38263931	38272879	350
38272879	38289093	400
38289093	38295691	450
38295691	38315103	400
38315103	38317377	350
38317377	38339083	400
38339083	38347797	350
38347797	38354806	300
38354806	38387404	250
38387404	38404170	200
38404170	38427951	250
38427951	38429699	200
38429699	38432328	150
38432328	38710721	100
38710721	38778757	150
38778757	38801903	200
38801903	38810292	250
38810292	38811461	300
38811461	38813275	350
38813275	38816142	400
38816142	38834334	450
38834334	38882910	400
38882910	38894287	350
38894287	38909598	300
38909598	38964113	250
38964113	38975544	300
38975544	38999122	350
38999122	39012044	400
39012044	39034600	450
39034600	39050929	500
39050929	39060138	550
39060138	39062874	500
39062874	39082773	550
39082773	39099286	500
39099286	39124679	550
39124679	39128357	600
39128357	39174769	550
39174769	39203879	500
39203879	39251449	450
39251449	39307254	500
39307254	39339798	450
39339798	39382394	500
39382394	39415215	450
39415215	39420631	400
39420631	39435462	350
39435462	39548515	300
39548515	39572668	250
39572668	39627552	200
39627552	39632003	250
39632003	39646124	300
39646124	39685767	350
39685767	39692066	400
39692066	39693390	450
39693390	39695009	500
39695009	39699689	550
39699689	39720325	600
39720325	39725758	550
39725758	39748262	500
39748262	39756033	450
39756033	39782429	500
39782429	39783482	450
39783482	39784626	400
39784626	39785442	350
39785442	39792934	300
39792934	39813803	250
39813803	39822809	200
39822809	39916233	150
39916233	39950969	200
39950969	39958714	250
39958714	39973202	300
39973202	39979216	350
39979216	39985648	400
39985648	39989058	450
39989058	39990634	500
39990634	40018686	450
40018686	40022518	400
40022518	40031820	350
40031820	40036984	300
40036984	40054133	250
40054133	40181872	200
40181872	40223334	250
40223334	40252562	300
40252562	40280786	250
40280786	40304296	200
40304296	40339765	150
40339765	40344899	200
40344899	40347673	250
40347673	40378195	300
40378195	40399284	350
40399284	40406874	400
40406874	40410729	450
40410729	40419736	500
40419736	40420449	550
40420449	40449249	500
40449249	40494217	450
40494217	40496552	400
40496552	40509588	450
40509588	40544278	400
40544278	40552325	450
40552325	40569030	500
40569030	40570779	450
40570779	40592188	500
40592188	40596582	450
40596582	40612125	500
40612125	40624815	550
40624815	40671326	600
40671326	40694137	550
40694137	40710712	500
40710712	40728766	550
40728766	40739018	600
40739018	40748780	550
40748780	40827095	600
40827095	40833668	550
40833668	40844084	500
40844084	40853870	550
40853870	40867721	500
40867721	40917886	450
40917886	41000706	500
41000706	41044582	550
41044582	41066001	600
41066001	41066782	550
41066782	41190287	600
41190287	41201418	650
41201418	41201926	600
41201926	41202967	650
41202967	41258740	600
41258740	41279849	550
41279849	41282966	600
41282966	41287476	650
41287476	41335954	700
41335954	41341607	650
41341607	41379368	700
41379368	41394698	650
41394698	41410841	600
41410841	41428201	550
41428201	41442138	600
41442138	41453349	550
41453349	41458201	500
41458201	41460157	450
41460157	41461083	400
41461083	41544143	350
41544143	41637490	400
41637490	41700305	450
41700305	42070707	500
42070707	42131057	450
42131057	42204776	400
42204776	42210814	450
42210814	42216266	500
42216266	42219741	550
42219741	42221058	600
42221058	42222093	650
42222093	42228145	700
42228145	42250325	750
42250325	42251988	700
42251988	42264938	750
42264938	42265048	700
42265048	42267495	750
42267495	42305948	700
42305948	42345257	650
42345257	42352740	600
42352740	42377287	550
42377287	42402131	600
42402131	42505500	650
42505500	42544290	600
42544290	42547874	550
42547874	42549433	500
42549433	42550594	450
42550594	42597527	400
42597527	42611258	450
42611258	42634675	500
42634675	42653665	550
42653665	42654900	600
42654900	42656951	650
42656951	42665241	700
42665241	42669224	650
42669224	42677164	600
42677164	42691216	550
42691216	42702182	500
42702182	42731004	450
42731004	42736433	400
42736433	42756346	350
42756346	42758823	400
42758823	42897258	350
42897258	42943493	300
42943493	43120452	250
43120452	43121086	300
43121086	43122445	350
43122445	43147732	400
43147732	43154007	450
43154007	43156106	500
43156106	43158546	550
43158546	43166649	600
43166649	43183390	550
43183390	43225089	600
43225089	43234875	650
43234875	43236746	600
43236746	43237656	550
43237656	43238150	500
43238150	43244824	450
43244824	43284373	400
43284373	43301054	450
43301054	43302048	400
43302048	43304925	450
43304925	43325888	400
43325888	43386466	350
43386466	43447612	400
43447612	43461034	350
43461034	43478722	300
43478722	43479679	250
43479679	43480958	200
43480958	43559133	150
43559133	43680355	0
43680355	43680724	200
43680724	43681365	250
43681365	43685066	300
43685066	43699983	250
43699983	43705913	300
43705913	43706918	250
43706918	43874295	0
43874295	43879727	250
43879727	43881941	300
43881941	43897795	350
43897795	43908585	400
43908585	43920161	450
43920161	43961357	400
43961357	43986657	350
43986657	43987216	300
43987216	43993222	350
43993222	44033175	300
44033175	44043028	350
44043028	44058257	400
44058257	44063490	350
44063490	44077462	400
44077462	44103801	450
44103801	44125048	500
44125048	44135585	550
44135585	44141733	600
44141733	44179693	550
44179693	44183035	600
44183035	44189086	550
44189086	44201532	500
44201532	44217778	450
44217778	44244469	400
44244469	44251061	450
44251061	44251700	400
44251700	44260198	450
44260198	44402125	400
44402125	44402942	450
44402942	44403573	500
44403573	44404939	550
44404939	44421747	600
44421747	44426962	550
44426962	44427257	600
44427257	44432934	550
44432934	44434951	500
44434951	44443888	450
44443888	44476011	400
44476011	44486675	350
44486675	44492835	400
44492835	44499274	450
44499274	44501740	500
44501740	44505125	550
44505125	44511507	600
44511507	44525023	650
44525023	44566776	700
44566776	44583433	750
44583433	44647050	700
44647050	44653318	650
44653318	44660335	600
44660335	44677707	650
44677707	44698492	600
44698492	44714988	550
44714988	44721262	500
44721262	44724038	450
44724038	44791887	400
44791887	44792777	450
44792777	44794593	500
44794593	44799531	550
44799531	44810214	600
44810214	44818839	650
44818839	44850125	700
44850125	44876575	750
44876575	44938351	800
44938351	44939274	750
44939274	44960943	800
44960943	44980026	750
44980026	45001703	700
45001703	45009180	650
45009180	45016200	600
45016200	45021150	550
45021150	45026948	500
45026948	45039592	450
45039592	45047049	400
45047049	45054499	350
45054499	45087641	400
45087641	45131293	450
45131293	45138277	400
45138277	45161845	350
45161845	45229710	300
45229710	45266687	350
45266687	45285502	400
45285502	45296933	450
45296933	45305379	500
45305379	45313497	550
45313497	45319859	600
45319859	45327882	650
45327882	45343017	700
45343017	45350362	750
45350362	45420424	800
45420424	45431480	750
45431480	45481101	800
45481101	45482797	750
45482797	45484016	700
45484016	45487681	650
45487681	45517448	600
45517448	45544122	650
45544122	45545443	700
45545443	45550801	650
45550801	45561144	700
45561144	45567706	750
45567706	45587442	700
45587442	45596711	750
45596711	45625272	700
45625272	45626444	750
45626444	45627959	700
45627959	45633129	750
45633129	45640170	800
45640170	45726781	850
45726781	45745391	800
45745391	45756549	750
45756549	45758653	700
45758653	45761889	650
45761889	45773212	600
45773212	45784347	550
45784347	45810351	500
45810351	45819478	450
45819478	45839095	500
45839095	45849259	550
45849259	45888800	600
45888800	45917796	550
45917796	45932444	600
45932444	45966473	650
45966473	45967147	600
45967147	45967542	650
45967542	45971016	600
45971016	45980226	650
45980226	45983970	600
45983970	45990369	650
45990369	46001692	700
46001692	46012731	650
46012731	46014697	700
46014697	46036415	650
46036415	46060897	700
46060897	46087461	750
46087461	46090812	700
46090812	46092634	650
46092634	46093941	600
46093941	46098433	550
46098433	46110115	500
46110115	46110187	450
46110187	46116125	500
46116125	46117934	450
46117934	46119773	500
46119773	46148790	450
46148790	46186288	400
46186288	46186484	450
46186484	46186867	500
46186867	46187740	550
46187740	46188922	600
46188922	46191003	650
46191003	46247997	700
46247997	46258930	650
46258930	46264407	600
46264407	46270358	550
46270358	46274084	500
46274084	46292608	550
46292608	46299977	500
46299977	46305285	550
46305285	46318269	600
46318269	46342147	650
46342147	46342845	700
46342845	46345904	750
46345904	46347481	800
46347481	46355973	750
46355973	46360951	700
46360951	46375070	650
46375070	46383409	600
46383409	46386097	550
46386097	46387722	500
46387722	46390747	450
46390747	46394038	400
46394038	46397348	350
46397348	46498128	300
46498128	46507501	350
46507501	46518939	400
46518939	46539593	450
46539593	46552290	500
46552290	46555495	550
46555495	46559977	600
46559977	46582188	650
46582188	46602849	600
46602849	46605278	550
46605278	46606256	500
46606256	46648951	450
46648951	46732345	500
46732345	46741766	550
46741766	46781507	600
46781507	46801950	650
46801950	46802517	700
46802517	46803664	750
46803664	46805907	800
46805907	46970621	850
46970621	46978196	900
46978196	47051919	850
47051919	47055322	800
47055322	47078087	750
47078087	47080468	800
47080468	47084424	750
47084424	47103222	800
47103222	47112605	850
47112605	47113561	900
47113561	47146203	850
47146203	47150504	900
47150504	47155854	850
47155854	47186021	800
47186021	47198512	850
47198512	47200753	900
47200753	47201003	850
47201003	47211603	900
47211603	47225068	850
47225068	47236350	800
47236350	47246906	850
47246906	47279377	900
47279377	47279871	850
47279871	47281840	900
47281840	47283171	850
47283171	47289387	900
47289387	47300089	850
47300089	47301666	800
47301666	47340703	850
47340703	47347934	800
47347934	47373183	750
47373183	47390341	800
47390341	47423091	850
47423091	47508407	800
47508407	47528799	850
47528799	47535624	900
47535624	47560671	850
47560671	47575946	900
47575946	47586157	850
47586157	47618553	800
47618553	47626470	850
47626470	47643709	800
47643709	47649924	850
47649924	47650283	800
47650283	47678798	850
47678798	47816907	900
47816907	47856992	850
47856992	47971288	900
47971288	47982343	850
47982343	48031736	800
48031736	48084033	850
48084033	48201851	900
48201851	48229145	850
48229145	48300922	900
48300922	48304425	950
48304425	48368527	900
48368527	48374667	950
48374667	48458037	900
48458037	48476245	950
48476245	48502092	900
48502092	48554445	850
48554445	48557475	900
48557475	48564916	850
48564916	48571353	800
48571353	48622760	850
48622760	48633415	900
48633415	48636031	950
48636031	48647608	900
48647608	48715001	950
48715001	48789284	900
48789284	48799717	950
48799717	48823186	900
48823186	48824889	950
48824889	48825342	900
48825342	48835684	950
48835684	48846095	900
48846095	48889062	950
48889062	48899770	900
48899770	48917567	850
48917567	49018589	900
49018589	49038934	950
49038934	49107543	900
49107543	49113098	850
49113098	49121795	900
49121795	49130585	850
49130585	49178218	900
49178218	49180552	850
49180552	49234616	900
49234616	49235503	850
49235503	49248921	900
49248921	49249867	850
49249867	49250052	800
49250052	49280524	750
49280524	49345502	800
49345502	49373280	850
49373280	49408148	800
49408148	49427105	850
49427105	49431893	900
49431893	49450466	850
49450466	49536412	900
49536412	49588444	850
49588444	49598946	900
49598946	49621168	850
49621168	49626479	800
49626479	49629337	850
49629337	49700315	900
49700315	49707338	850
49707338	49713526	900
49713526	49717324	850
49717324	49802997	900
49802997	49804778	850
49804778	49822179	900
49822179	49841891	850
49841891	49853924	900
49853924	49867219	850
49867219	49891214	900
49891214	49896195	850
49896195	50015947	900
50015947	50091297	850
50091297	50113104	900
50113104	50115735	850
50115735	50211831	900
50211831	50215263	950
50215263	50215398	900
50215398	50216570	950
50216570	50217445	900
50217445	50217701	950
50217701	50318987	900
50318987	50319192	850
50319192	50320155	900
50320155	50327911	850
50327911	50329715	800
50329715	50330625	750
50330625	50335710	700
50335710	50349223	650
50349223	50356360	600
50356360	50382048	550
50382048	50384325	500
50384325	50400184	550
50400184	50431892	500
50431892	50516154	450
50516154	50527591	500
50527591	50582162	550
50582162	50584293	600
50584293	50585220	650
50585220	50596621	600
50596621	50599194	650
50599194	50623759	700
50623759	50629259	750
50629259	50632500	800
50632500	50633031	850
50633031	50633090	800
50633090	50717888	850
50717888	50735511	800
50735511	50735783	750
50735783	50737270	800
50737270	50745708	750
50745708	50751250	700
50751250	50756805	650
50756805	50760272	700
50760272	50766062	750
50766062	50783421	800
50783421	50822285	850
50822285	50824256	800
50824256	50828942	750
50828942	50855937	800
50855937	50876771	850
50876771	51130414	900
51130414	51136372	850
51136372	51153656	800
51153656	51155835	750
51155835	51161176	800
51161176	51163199	850
51163199	51163538	800
51163538	51164695	850
51164695	51176846	900
51176846	51188006	850
51188006	51208462	800
51208462	51223921	750
51223921	51224716	700
51224716	51225673	750
51225673	51238369	700
51238369	51239851	750
51239851	51254284	700
51254284	51255860	750
51255860	51257108	800
51257108	51261876	850
51261876	51332888	900
51332888	51336232	850
51336232	51383623	900
51383623	51393990	850
51393990	51399450	800
51399450	51405619	850
51405619	51474169	900
51474169	51477072	950
51477072	51481881	900
51481881	51491843	950
51491843	51531459	900
51531459	51531693	850
51531693	51534395	900
51534395	51536355	850
51536355	51543603	800
51543603	51553308	750
51553308	51567230	700
51567230	51575084	750
51575084	51577003	800
51577003	51582078	850
51582078	51583715	900
51583715	51591062	850
51591062	51602764	800
51602764	51621256	750
51621256	51636423	800
51636423	51642649	850
51642649	51647800	900
51647800	51650447	850
51650447	51656747	900
51656747	51659020	850
51659020	51667493	800
51667493	51692307	850
51692307	51693739	800
51693739	51694824	850
51694824	51696482	800
51696482	51721929	850
51721929	51727804	800
51727804	51747234	850
51747234	51750305	800
51750305	51753058	750
51753058	51756804	800
51756804	51774270	750
51774270	51792316	700
51792316	51796315	750
51796315	51803424	700
51803424	51803629	750
51803629	51803821	700
51803821	51803969	750
51803969	51826040	700
51826040	51829590	650
51829590	51834561	700
51834561	51872440	650
51872440	51876323	600
51876323	51917709	550
51917709	51919547	600
51919547	51922422	650
51922422	51924690	700
51924690	51927219	750
51927219	51927427	800
51927427	51927692	750
51927692	51927827	800
51927827	51928214	750
51928214	51932789	800
51932789	51954460	850
51954460	51988314	900
51988314	52009908	850
52009908	52011639	800
52011639	52014001	850
52014001	52016796	800
52016796	52025267	850
52025267	52031828	800
52031828	52083835	850
52083835	52088824	900
52088824	52089752	850
52089752	52191445	900
52191445	52198238	850
52198238	52199046	800
52199046	52200346	850
52200346	52212067	800
52212067	52213239	750
52213239	52221912	800
52221912	52254251	750
52254251	52266346	700
52266346	52303007	650
52303007	52303110	700
52303110	52303382	750
52303382	52304135	800
52304135	52324821	850
52324821	52331237	800
52331237	52338674	750
52338674	52367109	700
52367109	52389439	650
52389439	52431282	700
52431282	52438712	750
52438712	52445782	800
52445782	52465989	850
52465989	52468328	900
52468328	52468779	850
52468779	52502905	900
52502905	52514230	850
52514230	52537040	800
52537040	52541294	750
52541294	52552630	800
52552630	52553404	750
52553404	52559257	800
52559257	52588378	850
52588378	52590501	900
52590501	52592477	850
52592477	52594009	900
52594009	52596369	850
52596369	52673006	900
52673006	52694628	850
52694628	52697998	800
52697998	52707330	850
52707330	52985596	900
52985596	52986910	850
52986910	52998580	900
52998580	53000174	850
53000174	53003994	900
53003994	53005246	850
53005246	53010569	900
53010569	53011504	850
53011504	53042948	900
53042948	53078152	850
53078152	53086375	900
53086375	53233743	850
53233743	53265389	800
53265389	53267129	750
53267129	53267607	800
53267607	53267886	750
53267886	53304883	800
53304883	53305626	750
53305626	53322450	800
53322450	53323246	750
53323246	53333292	800
53333292	53338161	750
53338161	53360421	800
53360421	53382351	750
53382351	53391023	700
53391023	53395018	650
53395018	53398359	600
53398359	53400536	550
53400536	53402749	500
53402749	53404086	450
53404086	53405923	400
53405923	53408067	350
53408067	53408657	300
53408657	53408940	250
53408940	53441666	200
53441666	53465511	250
53465511	53475829	300
53475829	53476724	350
53476724	53478259	400
53478259	53480741	450
53480741	53484701	500
53484701	53488399	550
53488399	53603065	600
53603065	53603531	550
53603531	53614574	600
53614574	53621108	550
53621108	53624170	500
53624170	53626226	450
53626226	53628421	400
53628421	53632244	350
53632244	53655089	300
53655089	53733884	350
53733884	53754651	300
53754651	53771905	250
53771905	53783528	200
53783528	53807654	150
53807654	53843334	100
53843334	53893604	50
53893604	54422499	0
54422499	54556559	50
54556559	54562364	100
54562364	54712171	150
54712171	54717863	200
54717863	54740105	250
54740105	54774420	300
54774420	54782863	350
54782863	54795352	300
54795352	54815998	250
54815998	54816518	300
54816518	54817413	250
54817413	54827161	300
54827161	54832953	250
54832953	54835921	300
54835921	54838430	350
54838430	54871765	400
54871765	54874233	350
54874233	54874472	400
54874472	54875269	350
54875269	54876434	400
54876434	54899254	350
54899254	54912385	300
54912385	54961238	250
54961238	54989424	200
54989424	55050897	150
55050897	55068357	100
55068357	55135074	50
55135074	55395746	100
55395746	55402333	150
55402333	55404432	200
55404432	55406011	250
55406011	55408293	300
55408293	55411346	350
55411346	55415998	400
55415998	55424007	450
55424007	55434548	500
55434548	55459130	450
55459130	55511663	400
55511663	55537802	450
55537802	55550430	500
55550430	55580781	550
55580781	55584477	500
55584477	55586901	450
55586901	55592069	400
55592069	55598259	350
55598259	55795606	300
55795606	55829175	250
55829175	55876560	300
55876560	55939381	250
55939381	55959181	300
55959181	55974783	350
55974783	55989810	400
55989810	55990491	450
55990491	55998318	500
55998318	56010565	550
56010565	56021358	600
56021358	56065433	550
56065433	56124271	500
56124271	56238498	550
56238498	56260491	500
56260491	56418167	450
56418167	56426159	400
56426159	56452264	350
56452264	56496011	300
56496011	56559026	0
56559026	56574869	300
56574869	56577681	350
56577681	56579994	400
56579994	56584565	450
56584565	56587419	500
56587419	56606056	550
56606056	56606475	600
56606475	56632911	550
56632911	56637001	600
56637001	56642438	650
56642438	56652565	700
56652565	56663173	750
56663173	56728554	800
56728554	56731973	850
56731973	56732306	800
56732306	56739082	850
56739082	56744027	800
56744027	56747382	750
56747382	56758279	800
56758279	56768229	850
56768229	56768608	800
56768608	56769409	850
56769409	56769975	800
56769975	56770169	850
56770169	56770608	800
56770608	56777464	850
56777464	56777594	800
56777594	56784314	850
56784314	56805700	800
56805700	56817243	750
56817243	56826566	700
56826566	56827052	650
56827052	56829053	700
56829053	56833556	650
56833556	56838935	600
56838935	56839650	550
56839650	56843912	600
56843912	56852066	650
56852066	56852669	700
56852669	56854650	750
56854650	56872455	800
56872455	56899749	750
56899749	56910423	800
56910423	56920093	750
56920093	56963901	800
56963901	56967746	750
56967746	56983692	800
56983692	56995472	750
56995472	57003423	800
57003423	57006194	750
57006194	57007586	700
57007586	57010684	650
57010684	57017778	600
57017778	57039665	650
57039665	57047130	600
57047130	57049096	550
57049096	57056452	500
57056452	57059744	550
57059744	57063327	500
57063327	57077609	550
57077609	57081457	500
57081457	57090187	550
57090187	57148218	500
57148218	57168176	450
57168176	57231271	500
57231271	57248271	450
57248271	57253100	500
57253100	57253990	450
57253990	57254554	400
57254554	57273255	350
57273255	57291267	300
57291267	57320211	250
57320211	57361779	200
57361779	57500046	150
57500046	57502386	200
57502386	57504056	250
57504056	57514087	300
57514087	57521033	350
57521033	57532397	400
57532397	57541264	450
57541264	57544048	500
57544048	57544141	550
57544141	57544297	500
57544297	57547317	550
57547317	57554093	600
57554093	57568580	650
57568580	57627737	700
57627737	57794028	750
57794028	57811656	700
57811656	57822972	650
57822972	57887095	600
57887095	57899136	550
57899136	57933245	500
57933245	58055742	450
58055742	58081715	500
58081715	58094065	550
58094065	58100003	600
58100003	58103108	550
58103108	58113576	600
58113576	58132029	550
58132029	58166712	600
58166712	58167865	550
58167865	58222263	600
58222263	58236119	650
58236119	58236333	700
58236333	58236840	650
58236840	58237088	700
58237088	58238029	650
58238029	58246615	700
58246615	58287655	650
58287655	58287934	600
58287934	58288907	650
58288907	58328709	600
58328709	58330097	550
58330097	58330676	600
58330676	58344736	550
58344736	58347981	500
58347981	58348418	450
58348418	58348709	500
58348709	58355685	450
58355685	58359769	400
58359769	58536378	350
58536378	58616126	300
58616126	58713146	250
58713146	58837865	200
58837865	58859440	150
58859440	58873040	200
58873040	58879776	250
58879776	58885501	300
58885501	58892723	350
58892723	58897773	400
58897773	58899255	450
58899255	58901771	500
58901771	58908586	450
58908586	58937073	400
58937073	58951715	350
58951715	58964248	300
58964248	58986833	250
58986833	59010415	200
59010415	59045387	150
59045387	59052197	100
59052197	59136478	50
59136478	59299803	0
59299803	59329423	50
59329423	59340025	100
59340025	59349104	150
59349104	59370809	200
59370809	59378678	250
59378678	59385404	300
59385404	59391825	350
59391825	59394146	400
59394146	59397690	450
59397690	59404395	500
59404395	59415464	550
59415464	59460275	600
59460275	59468098	650
59468098	59471588	600
59471588	59513353	550
59513353	59546473	600
59546473	59550353	650
59550353	59552880	600
59552880	59568683	650
59568683	59573848	600
59573848	59575700	550
59575700	59586664	500
59586664	59603786	450
59603786	59638391	500
59638391	59648994	450
59648994	59693099	500
59693099	59708468	550
59708468	59713924	600
59713924	59719755	650
59719755	59768894	700
59768894	59869081	750
59869081	59887987	800
59887987	59895128	750
59895128	59898621	700
59898621	59900749	650
59900749	59902881	600
59902881	59904255	550
59904255	59905391	500
59905391	59906075	450
59906075	59906568	400
59906568	60088864	350
60088864	60093002	400
60093002	60095956	450
60095956	60101672	500
60101672	60106108	550
60106108	60109149	500
60109149	60174729	550
60174729	60206978	600
60206978	60222808	650
60222808	60239059	700
60239059	60267631	750
60267631	60336061	800
60336061	60385408	850
60385408	60414216	800
60414216	60424040	750
60424040	60432795	700
60432795	60447871	650
60447871	60467760	700
60467760	60469789	750
60469789	60471337	700
60471337	60473610	750
60473610	60479888	700
60479888	60488775	750
60488775	60492521	800
60492521	60573734	850
60573734	60581852	900
60581852	60603656	850
60603656	60656880	800
60656880	60675289	850
60675289	60680420	900
60680420	60733520	850
60733520	60741978	900
60741978	60745026	850
60745026	60946104	900
60946104	60950612	850
60950612	60955886	800
60955886	60958895	750
60958895	60972481	800
60972481	60983894	850
60983894	61021487	900
61021487	61022997	850
61022997	61025897	900
61025897	61028720	850
61028720	61052897	900
61052897	61059414	850
61059414	61062265	800
61062265	61075967	850
61075967	61088567	900
61088567	61097276	850
61097276	61101594	900
61101594	61135538	850
61135538	61147577	900
61147577	61169032	850
61169032	61169847	800
61169847	61310354	850
61310354	61314265	800
61314265	61326932	850
61326932	61330028	800
61330028	61356138	850
61356138	61391577	800
61391577	61484136	750
61484136	61552558	800
61552558	61560886	850
61560886	61610687	800
61610687	61641147	850
61641147	61656583	800
61656583	61685962	850
61685962	61925730	900
61925730	61960422	850
61960422	62057529	900
62057529	62105212	850
62105212	62154578	900
62154578	62175478	850
62175478	62231354	900
62231354	62232351	850
62232351	62405005	900
62405005	62405618	850
62405618	62444757	900
62444757	62459005	850
62459005	62464336	800
62464336	62468717	750
62468717	62473032	700
62473032	62478408	650
62478408	62484833	600
62484833	62488788	550
62488788	62492893	500
62492893	62501562	450
62501562	62569726	400
62569726	62621481	350
62621481	62673234	400
62673234	62684229	450
62684229	62688959	500
62688959	62695406	550
62695406	62706876	600
62706876	62723335	650
62723335	62739334	700
62739334	62746896	750
62746896	62763317	800
62763317	62788825	750
62788825	62821438	800
62821438	62834657	850
62834657	62841717	900
62841717	62849842	850
62849842	62854051	900
62854051	62854683	850
62854683	62961102	900
62961102	62961401	850
62961401	62961517	900
62961517	62962338	850
62962338	62970962	900
62970962	62971556	850
62971556	62974320	900
62974320	62981820	850
62981820	62987865	900
62987865	62989198	850
62989198	63055019	900
63055019	63093731	850
63093731	63111128	800
63111128	63119992	750
63119992	63124150	700
63124150	63144785	750
63144785	63169352	700
63169352	63187516	750
63187516	63193487	800
63193487	63195494	750
63195494	63200963	700
63200963	63212730	650
63212730	63239249	600
63239249	63246754	550
63246754	63249719	500
63249719	63251959	450
63251959	63254344	400
63254344	63257312	350
63257312	63266114	300
63266114	63307519	250
63307519	63392935	200
63392935	63412056	250
63412056	63417473	300
63417473	63419853	350
63419853	63422794	400
63422794	63427183	450
63427183	63435173	500
63435173	63446297	550
63446297	63461900	600
63461900	63483820	650
63483820	63519683	700
63519683	63578712	750
63578712	63681445	800
63681445	63728609	850
63728609	63806074	800
63806074	63809602	850
63809602	63815716	800
63815716	63898055	850
63898055	63928761	800
63928761	63934576	750
63934576	63947411	800
63947411	63972882	750
63972882	63981977	800
63981977	64011161	750
64011161	64022190	700
64022190	64032881	650
64032881	64046426	600
64046426	64051260	650
64051260	64052092	700
64052092	64054044	750
64054044	64066523	800
64066523	64072225	850
64072225	64147956	900
64147956	64148685	850
64148685	64149787	900
64149787	64150571	850
64150571	64326246	900
64326246	64361968	850
64361968	64414277	800
64414277	64425658	850
64425658	64426742	800
64426742	64429397	850
64429397	64435094	800
64435094	64475156	750
64475156	64486944	700
64486944	64504833	650
64504833	64539184	600
64539184	64570049	650
64570049	64570674	700
64570674	64580950	650
64580950	64587816	600
64587816	64621345	550
64621345	64621519	500
64621519	64655545	550
64655545	64714550	600
64714550	64727550	650
64727550	64729953	700
64729953	64731328	650
64731328	64744166	600
64744166	64747658	550
64747658	64749172	500
64749172	64817492	450
64817492	64829759	500
64829759	64832358	550
64832358	64832683	600
64832683	64833158	650
64833158	64833705	700
64833705	64834687	750
64834687	64836589	800
64836589	64883824	850
64883824	64898197	800
64898197	64903747	750
64903747	64915550	800
64915550	64932033	750
64932033	64946543	800
64946543	64952483	850
64952483	64953056	800
64953056	64962899	850
64962899	64995324	900
64995324	65007236	850
65007236	65025518	800
65025518	65034319	750
65034319	65038413	800
65038413	65039724	850
65039724	65042134	900
65042134	65042914	850
65042914	65061866	800
65061866	65081021	850
65081021	65108158	800
65108158	65199642	850
65199642	65259753	800
65259753	65273580	750
65273580	65284916	800
65284916	65286177	850
65286177	65313362	900
65313362	65368442	850
65368442	65379887	900
65379887	65405054	850
65405054	65417401	900
65417401	65419011	850
65419011	65427376	800
65427376	65429691	850
65429691	65448747	800
65448747	65465317	850
65465317	65541270	900
65541270	65574780	850
65574780	65584365	800
65584365	65607390	850
65607390	65611421	900
65611421	65623443	850
65623443	65627377	800
65627377	65629423	750
65629423	65631425	700
65631425	65635669	650
65635669	65638893	600
65638893	65639917	550
65639917	65645824	600
65645824	65646795	550
65646795	65653116	600
65653116	65663650	550
65663650	65684111	500
65684111	65685355	550
65685355	65687610	600
65687610	65688657	650
65688657	65689706	700
65689706	65690734	750
65690734	65692877	800
65692877	65693181	850
65693181	65693208	800
65693208	65711533	850
65711533	65767923	900
65767923	65769686	950
65769686	65776742	900
65776742	65848187	850
65848187	65882557	900
65882557	65886954	850
65886954	65914587	900
65914587	65916904	950
65916904	65919377	900
65919377	65922005	950
65922005	66022093	900
66022093	66035485	950
66035485	66035602	900
66035602	66044159	950
66044159	66137674	900
66137674	66146513	950
66146513	66151709	900
66151709	66162603	950
66162603	66163081	900
66163081	66181972	950
66181972	66182764	900
66182764	66185257	950
66185257	66220814	900
66220814	66269022	950
66269022	66269863	900
66269863	66272543	950
66272543	66273426	900
66273426	66331212	850
66331212	66342607	900
66342607	66367024	950
66367024	66369848	900
66369848	66380512	850
66380512	66384589	900
66384589	66426570	950
66426570	66462327	900
66462327	66531067	950
66531067	66532176	900
66532176	66539323	950
66539323	66542600	900
66542600	66545127	950
66545127	66545315	900
66545315	66550824	950
66550824	66554105	900
66554105	66570273	950
66570273	66574190	900
66574190	66596722	950
66596722	66597204	900
66597204	66601808	950
66601808	66607352	900
66607352	66607450	850
66607450	66613399	900
66613399	66617853	950
66617853	66618213	900
66618213	66625727	950
66625727	66626336	900
66626336	66626998	950
66626998	66628801	900
66628801	66630108	950
66630108	66649250	900
66649250	66660383	850
66660383	66661976	900
66661976	66697285	850
66697285	66743046	900
66743046	66757241	950
66757241	66759391	900
66759391	66760222	850
66760222	66770330	900
66770330	66771008	850
66771008	66778862	900
66778862	66795094	850
66795094	66805688	900
66805688	66841750	950
66841750	66848589	900
66848589	66878820	950
66878820	66887642	900
66887642	66888766	850
66888766	66892952	900
66892952	66906755	950
66906755	66909165	900
66909165	66915176	850
66915176	66949309	800
66949309	66956976	850
66956976	66973967	900
66973967	66992723	950
66992723	66994114	900
66994114	67065324	950
67065324	67146212	900
67146212	67155138	950
67155138	67161341	900
67161341	67163827	950
67163827	67177342	900
67177342	67178049	950
67178049	67193551	900
67193551	67200019	950
67200019	67216278	900
67216278	67219561	850
67219561	67241397	900
67241397	67252216	950
67252216	67287851	900
67287851	67308547	950
67308547	67310442	900
67310442	67321920	950
67321920	67335479	900
67335479	67343363	850
67343363	67351703	900
67351703	67364612	850
67364612	67369940	900
67369940	67380467	850
67380467	67400453	900
67400453	67414281	950
67414281	67450060	900
67450060	67468955	950
67468955	67472209	900
67472209	67476821	950
67476821	67490098	900
67490098	67517101	850
67517101	67521082	900
67521082	67525703	950
67525703	67527205	900
67527205	67529623	950
67529623	67532814	900
67532814	67534878	950
67534878	67535440	900
67535440	67538102	950
67538102	67547997	900
67547997	67554594	950
67554594	67555003	900
67555003	67560221	950
67560221	67571992	900
67571992	67574102	850
67574102	67577388	900
67577388	67578177	850
67578177	67598248	900
67598248	67616295	850
67616295	67621925	900
67621925	67622778	850
67622778	67623914	900
67623914	67631485	850
67631485	67634518	800
67634518	67646062	850
67646062	67659494	900
67659494	67666146	950
67666146	67667891	900
67667891	67672857	950
67672857	67673853	900
67673853	67773625	950
67773625	67774972	900
67774972	67778154	950
67778154	67778770	900
67778770	68155036	950
68155036	68155371	900
68155371	68639855	950
68639855	68640398	900
68640398	68647513	950
68647513	68670954	900
68670954	68680404	850
68680404	68684247	900
68684247	68686550	850
68686550	68687309	800
68687309	68687682	750
68687682	68694472	700
68694472	68700364	650
68700364	68708074	600
68708074	68740544	550
68740544	68746173	600
68746173	68755222	650
68755222	68762454	700
68762454	68767796	750
68767796	68773021	800
68773021	68781106	850
68781106	68791427	900
68791427	68796599	850
68796599	68893100	900
68893100	68915483	850
68915483	68932443	900
68932443	69549572	950
69549572	69550205	900
69550205	69624806	950
69624806	69626728	900
69626728	69686680	950
69686680	69739903	900
69739903	69803911	850
69803911	69815142	800
69815142	69848506	850
69848506	69850785	800
69850785	69866012	750
69866012	69870440	800
69870440	69947453	850
69947453	69948669	800
69948669	69958763	850
69958763	70047276	900
70047276	70057844	850
70057844	70097725	900
70097725	70109711	850
70109711	70186205	900
70186205	70263078	850
70263078	70294162	800
70294162	70300235	850
70300235	70302797	800
70302797	70304442	750
70304442	70320038	700
70320038	70336827	650
70336827	70363052	600
70363052	70374071	650
70374071	70394023	700
70394023	70410037	750
70410037	70439774	700
70439774	70444462	750
70444462	70456271	800
70456271	70478496	750
70478496	70495987	700
70495987	70506042	650
70506042	70534528	600
70534528	70552755	650
70552755	70561361	600
70561361	70565453	650
70565453	70572550	600
70572550	70616600	650
70616600	70632327	600
70632327	70697310	550
70697310	70703959	600
70703959	70706372	550
70706372	70707603	500
70707603	70723226	450
70723226	70782499	400
70782499	70816570	450
70816570	70824839	500
70824839	70921448	450
70921448	70928200	500
70928200	70952479	450
70952479	70981705	400
70981705	70995975	350
70995975	71017201	300
71017201	71032988	350
71032988	71045060	400
71045060	71052838	450
71052838	71061959	500
71061959	71083872	550
71083872	71085723	600
71085723	71093096	650
71093096	71094666	700
71094666	71102143	650
71102143	71116293	600
71116293	71122138	550
71122138	71125216	500
71125216	71129990	450
71129990	71215194	400
71215194	71223729	450
71223729	71244327	500
71244327	71245699	550
71245699	71249263	600
71249263	71264420	650
71264420	71268045	600
71268045	71269847	550
71269847	71270931	500
71270931	71283644	450
71283644	71380750	400
71380750	71395392	350
71395392	71398923	400
71398923	71462097	350
71462097	71465049	400
71465049	71468573	450
71468573	71474710	500
71474710	71488184	550
71488184	71497241	600
71497241	71504314	550
71504314	71520052	500
71520052	71523829	550
71523829	71528120	600
71528120	71543037	650
71543037	71546064	600
71546064	71547109	550
71547109	71598610	500
71598610	71607861	550
71607861	71611988	600
71611988	71634950	650
71634950	71668109	700
71668109	71676040	650
71676040	71702211	700
71702211	71715461	750
71715461	71776318	700
71776318	71807382	650
71807382	71826513	700
71826513	71829687	750
71829687	71841587	700
71841587	71888480	750
71888480	71890688	700
71890688	71896892	650
71896892	71906582	600
71906582	71960198	650
71960198	71978125	700
71978125	71979675	650
71979675	71984979	600
71984979	71992801	650
71992801	71999090	700
71999090	72060246	750
72060246	72081174	800
72081174	72125936	850
72125936	72173677	800
72173677	72210950	750
72210950	72225687	700
72225687	72231870	650
72231870	72239962	600
72239962	72248438	550
72248438	72255762	600
72255762	72270838	650
72270838	72296401	700
72296401	72306877	750
72306877	72320317	800
72320317	72366567	850
72366567	72391246	900
72391246	72417868	850
72417868	72478517	900
72478517	72604475	950
72604475	72647136	900
72647136	72666239	850
72666239	72722271	800
72722271	72727046	850
72727046	72732628	900
72732628	72907854	950
72907854	72916963	900
72916963	73310687	950
73310687	73311053	900
73311053	73315068	950
73315068	73361964	900
73361964	73410812	850
73410812	73439640	800
73439640	73455714	750
73455714	73531995	700
73531995	73617485	650
73617485	73621093	700
73621093	73621511	750
73621511	73622384	800
73622384	73625013	850
73625013	73707031	900
73707031	73716276	950
73716276	73728184	900
73728184	73858782	950
73858782	73860998	900
73860998	73861560	950
73861560	73865874	900
73865874	73890623	850
73890623	73892939	800
73892939	73893289	850
73893289	73917605	800
73917605	73925229	850
73925229	73949654	800
73949654	73968623	850
73968623	74023129	900
74023129	74032930	950
74032930	74045928	900
74045928	74068381	950
74068381	74069755	900
74069755	74146492	950
74146492	74162801	900
74162801	74171823	850
74171823	74314538	800
74314538	74343830	750
74343830	74348404	800
74348404	74358941	850
74358941	74365516	800
74365516	74374405	850
74374405	74499192	900
74499192	74509409	850
74509409	74555182	900
74555182	74559516	850
74559516	74590110	900
74590110	74592991	850
74592991	74605383	900
74605383	75368988	950
75368988	75372135	900
75372135	75379661	850
75379661	75388113	800
75388113	75416117	850
75416117	75444036	900
75444036	75522597	950
75522597	75547097	900
75547097	75568586	950
75568586	75568704	900
75568704	75569299	950
75569299	75618329	900
75618329	75665223	850
75665223	75740543	800
75740543	75770148	850
75770148	75906006	900
75906006	75908826	850
75908826	75910654	800
75910654	75911687	750
75911687	75912296	700
75912296	75917354	650
75917354	75920828	600
75920828	75928759	550
75928759	75939607	500
75939607	75943618	550
75943618	75990107	600
75990107	76009179	650
76009179	76014808	700
76014808	76018339	750
76018339	76023468	800
76023468	76036451	850
76036451	76047474	900
76047474	76069094	850
76069094	76092276	900
76092276	76092629	850
76092629	76129461	900
76129461	76339222	850
76339222	76447428	900
76447428	76454418	950
76454418	76598047	900
76598047	76638247	950
76638247	76774921	900
76774921	76817251	850
76817251	76828130	800
76828130	76889520	850
76889520	76946383	900
76946383	76970031	950
76970031	76994101	900
76994101	76996581	950
76996581	77025336	900
77025336	77042160	850
77042160	77043090	800
77043090	77104738	850
77104738	77134881	900
77134881	77142187	850
77142187	77169875	800
77169875	77199093	750
77199093	77228870	800
77228870	77255463	850
77255463	77286638	800
77286638	77298990	850
77298990	77304467	900
77304467	77392197	950
77392197	77403980	900
77403980	77419918	950
77419918	77420780	900
77420780	77426722	950
77426722	77463662	900
77463662	77477497	850
77477497	77492050	900
77492050	77492914	850
77492914	77498445	900
77498445	77502831	850
77502831	77522772	800
77522772	77625103	850
77625103	77642696	900
77642696	77787527	850
77787527	77789293	800
77789293	77799929	850
77799929	77822996	800
77822996	77970181	850
77970181	78046891	800
78046891	78052297	850
78052297	78133231	900
78133231	78137445	850
78137445	78145059	800
78145059	78149647	750
78149647	78177345	700
78177345	78200325	750
78200325	78205538	800
78205538	78212357	750
78212357	78220792	800
78220792	78256113	850
78256113	78265864	800
78265864	78278006	750
78278006	78278240	700
78278240	78286020	750
78286020	78399829	700
78399829	78492250	750
78492250	78512215	800
78512215	78525939	850
78525939	78626849	900
78626849	78774742	950
